1,1,123.27,335.04,131.76,55.19,1,1,1.0
1,2,734.86,265.68,70.47000000000003,38.670000000000016,1,1,1.0
1,3,210.0,249.48,91.77999999999997,42.77000000000001,1,1,1.0
2,1,99.63,337.8,135.97,59.370000000000005,1,1,1.0
2,2,721.11,268.26,70.47000000000003,38.670000000000016,1,1,1.0
2,3,210.0,249.48,91.77999999999997,42.77000000000001,1,1,1.0
3,1,73.68,341.24,138.51999999999998,59.370000000000005,1,1,1.0
3,2,707.36,270.6,76.13999999999999,37.299999999999955,1,1,1.0
3,3,210.0,249.48,91.77999999999997,42.77000000000001,1,1,1.0
4,1,48.32,345.7,143.68,60.04000000000002,1,1,1.0
4,2,692.74,273.23,76.14999999999998,37.299999999999955,1,1,1.0
4,3,210.0,249.48,91.77999999999997,42.77000000000001,1,1,1.0
5,1,23.5,349.7,144.6,61.02000000000004,1,1,1.0
5,2,678.82,273.5,76.14999999999998,40.00999999999999,1,1,1.0
5,3,210.0,249.48,91.77999999999997,42.77000000000001,1,1,1.0
6,1,0.3,352.1,145.17,63.27999999999997,1,1,1.0
6,2,664.39,276.0,77.00999999999999,40.00999999999999,1,1,1.0
6,3,210.0,249.48,91.77999999999997,42.77000000000001,1,1,1.0
7,1,0.3,353.4,122.5,67.30000000000001,1,1,1.0
7,2,649.75,276.5,78.25,42.170000000000016,1,1,1.0
7,3,210.0,249.48,91.77999999999997,42.77000000000001,1,1,1.0
8,1,0.0,361.13,101.7,67.30000000000001,1,1,1.0
8,2,636.66,278.04,79.04000000000008,42.16999999999996,1,1,1.0
8,3,210.0,249.48,91.77999999999997,42.77000000000001,1,1,1.0
9,1,0.0,362.0,77.2,60.80000000000001,1,1,1.0
9,2,620.98,279.97,80.86000000000001,42.839999999999975,1,1,1.0
9,3,210.0,249.48,91.77999999999997,42.77000000000001,1,1,1.0
10,1,0.0,362.0,52.35,63.44999999999999,1,1,1.0
10,2,605.3,281.89,82.67000000000007,43.50999999999999,1,1,1.0
10,3,210.0,249.48,91.77999999999997,42.77000000000001,1,1,1.0
11,1,0.0,362.0,27.5,66.10000000000002,1,1,1.0
11,2,591.44,284.2,82.66999999999996,43.50999999999999,1,1,1.0
11,3,210.0,249.48,91.77999999999997,42.77000000000001,1,1,1.0
12,2,575.3,285.8,84.55000000000007,46.099999999999966,1,1,1.0
12,3,210.0,249.48,91.77999999999997,42.77000000000001,1,1,1.0
13,2,559.83,288.1,86.66999999999996,44.65999999999997,1,1,1.0
13,3,210.0,249.48,91.77999999999997,42.77000000000001,1,1,1.0
14,2,544.6,289.21,86.66999999999996,44.660000000000025,1,1,1.0
14,3,210.0,249.48,91.77999999999997,42.77000000000001,1,1,1.0
15,2,527.15,292.6,88.55000000000007,45.39999999999998,1,1,1.0
15,3,210.0,249.48,91.77999999999997,42.77000000000001,1,1,1.0
16,2,508.58,294.46,92.32,45.400000000000034,1,1,1.0
16,3,210.0,249.48,91.77999999999997,42.77000000000001,1,1,1.0
17,2,493.35,298.54,92.31999999999994,45.39999999999998,1,1,1.0
17,3,210.0,249.48,91.77999999999997,42.77000000000001,1,1,1.0
18,2,472.92,300.03,94.57999999999998,47.97000000000003,1,1,1.0
18,3,210.0,249.48,91.77999999999997,42.77000000000001,1,1,1.0
19,2,457.3,301.89,95.30000000000001,50.910000000000025,1,1,1.0
19,3,210.0,249.48,91.77999999999997,42.77000000000001,1,1,1.0
20,2,440.96,305.2,95.30000000000001,51.68000000000001,1,1,1.0
20,3,210.0,249.48,91.77999999999997,42.77000000000001,1,1,1.0
21,2,425.36,307.8,98.24000000000001,51.69,1,1,1.0
21,3,210.0,249.48,91.77999999999997,42.77000000000001,1,1,1.0
22,2,408.27,311.89,98.25,51.68000000000001,1,1,1.0
22,3,210.0,249.48,91.77999999999997,42.77000000000001,1,1,1.0
23,2,387.47,313.0,104.13,54.30000000000001,1,1,1.0
23,3,210.0,249.48,91.77999999999997,42.77000000000001,1,1,1.0
24,2,367.05,316.71,107.05000000000001,54.30000000000001,1,1,1.0
24,3,210.0,249.48,91.77999999999997,42.77000000000001,1,1,1.0
25,2,349.22,319.69,108.57999999999998,55.81,1,1,1.0
25,3,210.0,249.48,91.77999999999997,42.77000000000001,1,1,1.0
26,2,327.7,323.0,110.80000000000001,56.95999999999998,1,1,1.0
26,3,210.0,249.48,91.77999999999997,42.77000000000001,1,1,1.0
27,2,309.87,327.8,110.80000000000001,57.360000000000014,1,1,1.0
27,3,210.0,249.48,91.77999999999997,42.77000000000001,1,1,1.0
28,2,287.96,330.03,114.14000000000004,57.35000000000002,1,1,1.0
28,3,210.0,249.48,91.77999999999997,42.77000000000001,1,1,1.0
29,2,264.2,334.49,119.69999999999999,58.50999999999999,1,1,1.0
29,3,210.0,249.48,91.77999999999997,42.77000000000001,1,1,1.0
30,2,246.74,339.69,118.25999999999999,58.50999999999999,1,1,1.0
30,3,210.0,249.48,91.77999999999997,42.77000000000001,1,1,1.0
31,2,222.97,340.4,122.33000000000001,61.14000000000004,1,1,1.0
31,3,210.0,249.48,91.77999999999997,42.77000000000001,1,1,1.0
32,2,196.97,343.7,130.53,62.30000000000001,1,1,1.0
32,3,210.0,249.48,91.77999999999997,42.77000000000001,1,1,1.0
33,2,174.69,348.9,130.53000000000003,62.30000000000001,1,1,1.0
33,3,210.0,249.48,91.77999999999997,42.77000000000001,1,1,1.0
34,2,150.55,355.58,135.34999999999997,62.31,1,1,1.0
34,3,210.0,249.48,91.77999999999997,42.77000000000001,1,1,1.0
35,2,125.27,359.06,139.53000000000003,64.39999999999998,1,1,1.0
35,3,210.0,249.48,91.77999999999997,42.77000000000001,1,1,1.0
36,2,100.0,362.53,143.7,66.5,1,1,1.0
36,3,210.0,249.48,91.77999999999997,42.77000000000001,1,1,1.0
37,2,70.33,366.0,150.57,68.60000000000002,1,1,1.0
37,3,210.0,249.48,91.77999999999997,42.77000000000001,1,1,1.0
38,2,44.26,370.5,153.31,70.94999999999999,1,1,1.0
38,3,210.0,249.48,91.77999999999997,42.77000000000001,1,1,1.0
39,2,18.2,375.0,156.05,73.29000000000002,1,1,1.0
39,3,210.0,249.48,91.77999999999997,42.77000000000001,1,1,1.0
40,2,0.35,379.5,150.57,75.63999999999999,1,1,1.0
40,3,210.0,249.48,91.77999999999997,42.77000000000001,1,1,1.0
41,2,0.0,385.72,125.57,73.38999999999999,1,1,1.0
41,3,210.0,249.48,91.77999999999997,42.77000000000001,1,1,1.0
42,2,0.15,390.01,101.03999999999999,71.15000000000003,1,1,1.0
42,3,210.0,249.48,91.77999999999997,42.77000000000001,1,1,1.0
43,2,0.3,394.3,76.5,68.89999999999998,1,1,1.0
43,3,210.0,249.48,91.77999999999997,42.77000000000001,1,1,1.0
44,2,0.3,394.3,48.900000000000006,68.89999999999998,1,1,1.0
44,3,210.0,249.48,91.77999999999997,42.77000000000001,1,1,1.0
45,2,0.3,394.3,22.7,68.89999999999998,1,1,1.0
45,3,210.0,249.48,91.77999999999997,42.77000000000001,1,1,1.0
46,3,210.0,249.48,91.77999999999997,42.77000000000001,1,1,1.0
47,3,210.0,249.48,91.77999999999997,42.77000000000001,1,1,1.0
48,3,210.0,249.48,91.77999999999997,42.77000000000001,1,1,1.0
49,3,210.0,249.48,91.77999999999997,42.77000000000001,1,1,1.0
50,3,210.0,249.48,91.77999999999997,42.77000000000001,1,1,1.0
51,3,210.0,249.48,91.77999999999997,42.77000000000001,1,1,1.0
52,3,210.0,249.48,91.77999999999997,42.77000000000001,1,1,1.0
53,3,210.0,249.48,91.77999999999997,42.77000000000001,1,1,1.0
54,3,210.0,249.48,91.77999999999997,42.77000000000001,1,1,1.0
55,3,210.0,249.48,91.77999999999997,42.77000000000001,1,1,1.0
56,3,210.0,249.48,91.77999999999997,42.77000000000001,1,1,1.0
57,4,928.9,224.17,30.889999999999986,67.35999999999999,1,1,1.0
57,3,210.0,249.48,91.77999999999997,42.77000000000001,1,1,1.0
58,4,925.7,224.17,34.08999999999992,68.74000000000004,1,1,1.0
58,3,210.0,249.48,91.77999999999997,42.77000000000001,1,1,1.0
59,4,920.67,223.8,39.120000000000005,70.12,1,1,1.0
59,3,210.0,249.48,91.77999999999997,42.77000000000001,1,1,1.0
60,4,915.63,223.43,44.15999999999997,71.5,1,1,1.0
60,3,210.0,249.48,91.77999999999997,42.77000000000001,1,1,1.0
61,4,910.6,223.06,49.18999999999994,72.88,1,1,1.0
61,3,210.0,249.48,91.77999999999997,42.77000000000001,1,1,1.0
62,4,905.4,223.61,54.389999999999986,74.25999999999999,1,1,1.0
62,3,210.0,249.48,91.77999999999997,42.77000000000001,1,1,1.0
63,4,897.9,224.17,61.889999999999986,75.63000000000002,1,1,1.0
63,3,210.0,249.48,91.77999999999997,42.77000000000001,1,1,1.0
64,4,893.3,224.17,66.5,77.45000000000002,1,1,1.0
64,3,210.0,249.48,91.77999999999997,42.77000000000001,1,1,1.0
65,4,887.2,224.17,72.58999999999992,79.28,1,1,1.0
65,3,210.0,249.48,91.77999999999997,42.77000000000001,1,1,1.0
66,4,881.1,224.17,78.68999999999994,81.1,1,1,1.0
66,3,210.0,249.48,91.77999999999997,42.77000000000001,1,1,1.0
67,4,875.0,224.17,84.78999999999996,82.91999999999999,1,1,1.0
67,3,210.0,249.48,91.77999999999997,42.77000000000001,1,1,1.0
68,4,868.09,225.15,91.69999999999993,83.77000000000001,1,1,1.0
68,3,210.0,249.48,91.77999999999997,42.77000000000001,1,1,1.0
69,4,861.18,226.13,98.61000000000001,84.61000000000001,1,1,1.0
69,3,210.0,249.48,91.77999999999997,42.77000000000001,1,1,1.0
70,4,854.27,227.11,105.51999999999998,85.44999999999999,1,1,1.0
70,3,210.0,249.48,91.77999999999997,42.77000000000001,1,1,1.0
71,4,847.36,228.09,112.42999999999995,86.28999999999999,1,1,1.0
71,3,210.0,249.48,91.77999999999997,42.77000000000001,1,1,1.0
72,4,840.44,229.07,119.34999999999991,87.13999999999999,1,1,1.0
72,3,210.0,249.48,91.77999999999997,42.77000000000001,1,1,1.0
73,4,833.53,230.06,126.25999999999999,87.96999999999997,1,1,1.0
73,3,210.0,249.48,91.77999999999997,42.77000000000001,1,1,1.0
74,4,826.62,231.04,133.16999999999996,88.81000000000003,1,1,1.0
74,3,210.0,249.48,91.77999999999997,42.77000000000001,1,1,1.0
75,4,819.71,232.02,140.07999999999993,89.66,1,1,1.0
75,3,210.0,249.48,91.77999999999997,42.77000000000001,1,1,1.0
76,4,812.8,233.0,146.99,90.5,1,1,1.0
76,3,210.0,249.48,91.77999999999997,42.77000000000001,1,1,1.0
77,4,804.48,233.55,151.26,93.25999999999999,1,1,1.0
77,3,210.0,249.48,91.77999999999997,42.77000000000001,1,1,1.0
78,4,796.15,234.09,155.55000000000007,96.03999999999999,1,1,1.0
78,3,210.0,249.48,91.77999999999997,42.77000000000001,1,1,1.0
79,4,787.83,234.64,159.81999999999994,98.80000000000001,1,1,1.0
79,3,210.0,249.48,91.77999999999997,42.77000000000001,1,1,1.0
80,4,779.5,235.19,164.10000000000002,101.56,1,1,1.0
80,5,759.64,260.06,30.91999999999996,29.25999999999999,1,1,1.0
80,3,210.0,249.48,91.77999999999997,42.77000000000001,1,1,1.0
81,4,771.33,237.94,168.2199999999999,102.13,1,1,1.0
81,5,749.69,260.42,31.84999999999991,29.269999999999982,1,1,1.0
81,3,210.0,249.48,91.77999999999997,42.77000000000001,1,1,1.0
82,4,763.15,240.7,172.35000000000002,102.68,1,1,1.0
82,5,739.75,260.79,32.76999999999998,29.25999999999999,1,1,1.0
82,3,210.0,249.48,91.77999999999997,42.77000000000001,1,1,1.0
83,4,754.21,240.37,175.11,102.68,1,1,1.0
83,5,729.8,261.16,33.700000000000045,29.25999999999999,1,1,1.0
83,3,210.0,249.48,91.77999999999997,42.77000000000001,1,1,1.0
84,4,745.26,240.04,177.88,102.68000000000004,1,1,1.0
84,5,718.78,261.89,35.889999999999986,29.27000000000004,1,1,1.0
84,3,210.0,249.48,91.77999999999997,42.77000000000001,1,1,1.0
85,4,736.32,239.71,180.64,102.66999999999999,1,1,1.0
85,5,707.74,262.63,38.09000000000003,29.25999999999999,1,1,1.0
85,3,210.0,249.48,91.77999999999997,42.77000000000001,1,1,1.0
86,4,727.37,239.37,183.40999999999997,102.68,1,1,1.0
86,5,696.7,263.37,40.299999999999955,29.25999999999999,1,1,1.0
86,3,210.0,249.48,91.77999999999997,42.77000000000001,1,1,1.0
87,4,718.43,239.04,186.17000000000007,102.68000000000004,1,1,1.0
87,5,686.39,264.47,41.210000000000036,29.25999999999999,1,1,1.0
87,3,210.0,249.48,91.77999999999997,42.77000000000001,1,1,1.0
88,4,707.52,240.98,190.58000000000004,104.60999999999999,1,1,1.0
88,5,676.09,265.57,42.110000000000014,29.269999999999982,1,1,1.0
88,3,210.0,249.48,91.77999999999997,42.77000000000001,1,1,1.0
89,4,696.62,242.92,194.98000000000002,106.53,1,1,1.0
89,5,665.78,266.68,43.01999999999998,29.25999999999999,1,1,1.0
89,3,210.0,249.48,91.77999999999997,42.77000000000001,1,1,1.0
90,4,685.72,244.86,199.38,108.45999999999998,1,1,1.0
90,5,652.53,265.85,51.01999999999998,31.21999999999997,1,1,1.0
90,3,210.0,249.48,91.77999999999997,42.77000000000001,1,1,1.0
91,4,674.81,246.8,203.79000000000008,110.38,1,1,1.0
91,5,639.28,265.02,59.01999999999998,33.18000000000001,1,1,1.0
91,3,210.0,249.48,91.77999999999997,42.77000000000001,1,1,1.0
92,4,663.88,247.58,207.53999999999996,112.03,1,1,1.0
92,5,627.13,265.57,62.99000000000001,33.18000000000001,1,1,1.0
92,3,210.0,249.48,91.77999999999997,42.77000000000001,1,1,1.0
93,4,652.95,248.36,211.28999999999996,113.68,1,1,1.0
93,5,614.98,266.13,66.96000000000004,33.170000000000016,1,1,1.0
93,3,210.0,249.48,91.77999999999997,42.77000000000001,1,1,1.0
94,4,642.01,249.14,215.04999999999995,115.33000000000004,1,1,1.0
94,5,602.84,266.68,70.91999999999996,33.18000000000001,1,1,1.0
94,3,210.0,249.48,91.77999999999997,42.77000000000001,1,1,1.0
95,4,631.08,249.92,218.79999999999995,116.97999999999999,1,1,1.0
95,5,590.69,267.23,74.88999999999999,33.18000000000001,1,1,1.0
95,3,210.0,249.48,91.77999999999997,42.77000000000001,1,1,1.0
96,4,620.15,250.7,222.55000000000007,118.63,1,1,1.0
96,5,578.54,267.78,78.86000000000001,33.18000000000001,1,1,1.0
96,3,210.0,249.48,91.77999999999997,42.77000000000001,1,1,1.0
97,4,609.17,252.0,225.13,118.42000000000002,1,1,1.0
97,5,566.07,267.78,80.77999999999997,33.18000000000001,1,1,1.0
97,3,210.0,249.48,91.77999999999997,42.77000000000001,1,1,1.0
98,4,598.2,253.3,227.69999999999993,118.19999999999999,1,1,1.0
98,5,553.6,267.78,82.69999999999993,33.18000000000001,1,1,1.0
98,3,210.0,249.48,91.77999999999997,42.77000000000001,1,1,1.0
99,4,584.76,255.12,232.53999999999996,120.25,1,1,1.0
99,5,539.84,268.75,85.61000000000001,33.18000000000001,1,1,1.0
99,3,210.0,249.48,91.77999999999997,42.77000000000001,1,1,1.0
100,4,571.33,256.95,237.37,122.29000000000002,1,1,1.0
100,5,526.08,269.72,88.51999999999998,33.16999999999996,1,1,1.0
100,3,210.0,249.48,91.77999999999997,42.77000000000001,1,1,1.0
101,4,557.89,258.78,242.21000000000004,124.33000000000004,1,1,1.0
101,5,512.32,270.68,91.42999999999995,33.18000000000001,1,1,1.0
101,3,210.0,249.48,91.77999999999997,42.77000000000001,1,1,1.0
102,4,544.45,260.6,247.04999999999995,126.38,1,1,1.0
102,5,498.56,271.65,94.33999999999997,33.18000000000001,1,1,1.0
102,3,210.0,249.48,91.77999999999997,42.77000000000001,1,1,1.0
103,4,530.43,261.98,252.55000000000007,128.87,1,1,1.0
103,5,485.24,272.6,96.05999999999995,33.17999999999995,1,1,1.0
103,3,210.0,249.48,91.77999999999997,42.77000000000001,1,1,1.0
104,4,516.42,263.36,258.0400000000001,131.36,1,1,1.0
104,5,471.91,273.54,97.79000000000002,33.18000000000001,1,1,1.0
104,3,210.0,249.48,91.77999999999997,42.77000000000001,1,1,1.0
105,4,502.4,264.74,263.5400000000001,133.84999999999997,1,1,1.0
105,5,458.58,274.49,99.52000000000004,33.18000000000001,1,1,1.0
105,3,210.0,249.48,91.77999999999997,42.77000000000001,1,1,1.0
106,4,488.38,266.12,269.03999999999996,136.33999999999997,1,1,1.0
106,5,445.25,275.43,101.25,33.18000000000001,1,1,1.0
106,3,210.0,249.48,91.77999999999997,42.77000000000001,1,1,1.0
107,4,474.36,267.5,274.53999999999996,138.82999999999998,1,1,1.0
107,5,431.92,276.38,102.97999999999996,33.18000000000001,1,1,1.0
107,3,210.0,249.48,91.77999999999997,42.77000000000001,1,1,1.0
108,4,458.45,268.88,280.39000000000004,142.61,1,1,1.0
108,5,417.38,276.64,103.67999999999995,33.94999999999999,1,1,1.0
108,3,210.0,249.48,91.77999999999997,42.77000000000001,1,1,1.0
109,4,442.54,270.26,286.23999999999995,146.39,1,1,1.0
109,5,402.85,276.9,104.37,34.72000000000003,1,1,1.0
109,3,210.0,249.48,91.77999999999997,42.77000000000001,1,1,1.0
110,4,426.64,271.64,292.08000000000004,150.17000000000002,1,1,1.0
110,5,388.32,277.16,105.06,35.47999999999996,1,1,1.0
110,6,924.35,215.2,35.64999999999998,54.19999999999999,1,1,1.0
110,3,210.0,249.48,91.77999999999997,42.77000000000001,1,1,1.0
111,4,410.73,273.02,297.92999999999995,153.95000000000005,1,1,1.0
111,5,373.79,277.41,105.75,36.25999999999999,1,1,1.0
111,6,920.42,215.2,39.58000000000004,54.870000000000005,1,1,1.0
111,3,210.0,249.48,91.77999999999997,42.77000000000001,1,1,1.0
112,4,394.82,274.4,303.78000000000003,157.73000000000002,1,1,1.0
112,5,359.25,277.67,106.44999999999999,37.02999999999997,1,1,1.0
112,7,604.28,256.92,81.62,33.14999999999998,1,1,1.0
112,6,916.48,215.2,43.51999999999998,55.55000000000001,1,1,1.0
112,3,210.0,249.48,91.77999999999997,42.77000000000001,1,1,1.0
113,4,376.76,276.2,311.0,160.66000000000003,1,1,1.0
113,5,344.29,278.79,107.13,37.02999999999997,1,1,1.0
113,7,588.46,257.69,84.88,33.31999999999999,1,1,1.0
113,6,912.54,215.2,47.460000000000036,56.22000000000003,1,1,1.0
113,3,210.0,249.48,91.77999999999997,42.77000000000001,1,1,1.0
114,4,358.7,278.0,318.21999999999997,163.58999999999997,1,1,1.0
114,5,329.33,279.91,107.81,37.02999999999997,1,1,1.0
114,7,572.64,258.47,88.13999999999999,33.48999999999995,1,1,1.0
114,6,908.61,215.2,51.389999999999986,56.889999999999986,1,1,1.0
114,3,210.0,249.48,91.77999999999997,42.77000000000001,1,1,1.0
115,4,340.64,279.8,325.44000000000005,166.51999999999998,1,1,1.0
115,5,314.36,281.03,108.5,37.02000000000004,1,1,1.0
115,7,556.81,259.25,91.41000000000008,33.64999999999998,1,1,1.0
115,6,904.67,215.2,55.33000000000004,57.56,1,1,1.0
115,3,210.0,249.48,91.77999999999997,42.77000000000001,1,1,1.0
116,4,322.58,281.6,332.66,169.45,1,1,1.0
116,5,299.4,282.14,109.18,37.03000000000003,1,1,1.0
116,7,540.99,260.02,94.66999999999996,33.83000000000004,1,1,1.0
116,6,900.74,215.2,59.25999999999999,58.23000000000002,1,1,1.0
116,3,210.0,249.48,91.77999999999997,42.77000000000001,1,1,1.0
117,4,304.52,283.4,339.88,172.38,1,1,1.0
117,5,284.44,283.26,109.86000000000001,37.03000000000003,1,1,1.0
117,7,525.17,260.8,97.93000000000006,34.0,1,1,1.0
117,6,896.8,215.2,63.200000000000045,58.900000000000034,1,1,1.0
117,3,210.0,249.48,91.77999999999997,42.77000000000001,1,1,1.0
118,4,282.07,285.87,349.73999999999995,175.82,1,1,1.0
118,5,267.98,284.5,111.01999999999998,37.43000000000001,1,1,1.0
118,7,510.28,261.46,99.16000000000008,35.150000000000034,1,1,1.0
118,6,891.37,215.61,64.92999999999995,59.06999999999999,1,1,1.0
118,3,210.0,249.48,91.77999999999997,42.77000000000001,1,1,1.0
119,4,259.62,288.34,359.61,179.27000000000004,1,1,1.0
119,5,251.53,285.73,112.16999999999999,37.849999999999966,1,1,1.0
119,7,495.4,262.12,100.38999999999999,36.31,1,1,1.0
119,6,885.95,216.03,66.64999999999998,59.22,1,1,1.0
119,3,210.0,249.48,91.77999999999997,42.77000000000001,1,1,1.0
120,4,237.17,290.81,369.47,182.71999999999997,1,1,1.0
120,5,235.08,286.96,113.31999999999996,38.26000000000005,1,1,1.0
120,7,480.51,262.77,101.62,37.47000000000003,1,1,1.0
120,6,880.52,216.44,68.38,59.389999999999986,1,1,1.0
120,3,210.0,249.48,91.77999999999997,42.77000000000001,1,1,1.0
121,4,214.72,293.29,379.3399999999999,186.15999999999997,1,1,1.0
121,5,218.63,288.2,114.47000000000003,38.670000000000016,1,1,1.0
121,7,465.63,263.43,102.84000000000003,38.629999999999995,1,1,1.0
121,6,875.09,216.86,70.11000000000001,59.539999999999964,1,1,1.0
121,3,210.0,249.48,91.77999999999997,42.77000000000001,1,1,1.0
122,4,192.27,295.76,389.20000000000005,189.60000000000002,1,1,1.0
122,5,202.18,289.43,115.62,39.079999999999984,1,1,1.0
122,7,450.74,264.09,104.06999999999994,39.78000000000003,1,1,1.0
122,6,869.66,217.27,71.84000000000003,59.71000000000001,1,1,1.0
122,3,210.0,249.48,91.77999999999997,42.77000000000001,1,1,1.0
123,4,169.82,298.23,399.07,193.04999999999995,1,1,1.0
123,5,185.73,290.66,116.77000000000001,39.5,1,1,1.0
123,7,435.86,264.75,105.29999999999995,40.94,1,1,1.0
123,6,864.24,217.69,73.55999999999995,59.860000000000014,1,1,1.0
123,3,210.0,249.48,91.77999999999997,42.77000000000001,1,1,1.0
124,4,147.38,300.7,408.91999999999996,196.5,1,1,1.0
124,5,169.28,291.9,117.91999999999999,39.900000000000034,1,1,1.0
124,7,420.98,265.4,106.51999999999998,42.10000000000002,1,1,1.0
124,6,858.81,218.1,75.29000000000008,60.03,1,1,1.0
124,3,210.0,249.48,91.77999999999997,42.77000000000001,1,1,1.0
125,4,119.74,303.57,423.33000000000004,201.88,1,1,1.0
125,5,151.24,293.24,119.45999999999998,39.89999999999998,1,1,1.0
125,7,406.01,266.56,108.82000000000005,42.089999999999975,1,1,1.0
125,6,852.29,218.48,77.00999999999999,60.03,1,1,1.0
125,3,210.0,249.48,91.77999999999997,42.77000000000001,1,1,1.0
126,4,92.11,306.43,437.72,207.27000000000004,1,1,1.0
126,5,133.21,294.58,120.98999999999998,39.910000000000025,1,1,1.0
126,7,391.04,267.71,111.13,42.09000000000003,1,1,1.0
126,6,845.76,218.87,78.74000000000001,60.02999999999997,1,1,1.0
126,3,210.0,249.48,91.77999999999997,42.77000000000001,1,1,1.0
127,4,64.48,309.3,452.12,212.65000000000003,1,1,1.0
127,5,115.17,295.93,122.52999999999999,39.89999999999998,1,1,1.0
127,7,376.08,268.86,113.42000000000002,42.099999999999966,1,1,1.0
127,6,839.24,219.25,80.46000000000004,60.02999999999997,1,1,1.0
127,3,210.0,249.48,91.77999999999997,42.77000000000001,1,1,1.0
128,4,36.89,312.06,464.39,216.96999999999997,1,1,1.0
128,5,96.64,297.3,123.67999999999999,40.49000000000001,1,1,1.0
128,7,361.46,269.67,113.88,43.129999999999995,1,1,1.0
128,6,832.56,219.72,81.84000000000003,60.25000000000003,1,1,1.0
128,3,210.0,249.48,91.77999999999997,42.77000000000001,1,1,1.0
129,4,9.3,314.82,476.65999999999997,221.28000000000003,1,1,1.0
129,5,78.1,298.68,124.84,41.06,1,1,1.0
129,7,346.84,270.47,114.34000000000003,44.17999999999995,1,1,1.0
129,6,825.89,220.19,83.21000000000004,60.47000000000003,1,1,1.0
129,3,210.0,249.48,91.77999999999997,42.77000000000001,1,1,1.0
130,4,0.0,317.58,470.64,222.42000000000002,1,1,1.0
130,5,59.57,300.05,125.99000000000001,41.64999999999998,1,1,1.0
130,7,332.21,271.28,114.81,45.22000000000003,1,1,1.0
130,6,819.21,220.66,84.58999999999992,60.690000000000026,1,1,1.0
130,3,210.0,249.48,91.77999999999997,42.77000000000001,1,1,1.0
131,4,0.0,320.34,455.32,219.66000000000003,1,1,1.0
131,5,41.03,301.43,127.15,42.23000000000002,1,1,1.0
131,7,317.59,272.08,115.27000000000004,46.27000000000004,1,1,1.0
131,6,812.53,221.13,85.97000000000003,60.910000000000025,1,1,1.0
131,3,210.0,249.48,91.77999999999997,42.77000000000001,1,1,1.0
132,4,0.0,323.1,440.0,216.89999999999998,1,1,1.0
132,5,22.5,302.8,128.3,42.81,1,1,1.0
132,7,302.97,272.89,115.72999999999996,47.31,1,1,1.0
132,6,805.85,221.6,87.35000000000002,61.130000000000024,1,1,1.0
132,3,210.0,249.48,91.77999999999997,42.77000000000001,1,1,1.0
133,4,0.0,326.13,422.3,213.87,1,1,1.0
133,5,5.2,304.55,129.5,44.81,1,1,1.0
133,7,285.7,273.75,118.90000000000003,47.31,1,1,1.0
133,6,799.23,221.02,87.35000000000002,61.140000000000015,1,1,1.0
133,3,210.0,249.48,91.77999999999997,42.77000000000001,1,1,1.0
134,4,0.0,329.15,404.6,210.85000000000002,1,1,1.0
134,5,0.62,306.3,117.97999999999999,46.80000000000001,1,1,1.0
134,7,268.44,274.62,122.06,47.31,1,1,1.0
134,6,792.61,220.45,87.35000000000002,61.129999999999995,1,1,1.0
134,3,210.0,249.48,91.77999999999997,42.77000000000001,1,1,1.0
135,4,0.0,332.18,386.9,207.82,1,1,1.0
135,5,0.62,306.3,100.13,46.80000000000001,1,1,1.0
135,7,253.76,275.77,122.06,47.31,1,1,1.0
135,6,785.71,223.02,90.21999999999991,61.150000000000006,1,1,1.0
135,3,210.0,249.48,91.77999999999997,42.77000000000001,1,1,1.0
136,4,0.0,335.2,369.2,204.8,1,1,1.0
136,5,0.62,306.3,82.28,46.80000000000001,1,1,1.0
136,7,239.08,276.92,122.05999999999997,47.31,1,1,1.0
136,6,778.8,225.6,93.10000000000002,61.16,1,1,1.0
136,3,210.0,249.48,91.77999999999997,42.77000000000001,1,1,1.0
137,4,0.0,338.07,349.23,201.93,1,1,1.0
137,5,0.62,306.3,62.71,46.80000000000001,1,1,1.0
137,7,222.0,278.26,123.80000000000001,48.460000000000036,1,1,1.0
137,6,772.09,225.6,93.27999999999997,62.70000000000002,1,1,1.0
137,3,210.0,249.48,91.77999999999997,42.77000000000001,1,1,1.0
138,4,0.0,340.93,329.27,199.07,1,1,1.0
138,5,0.62,306.3,43.150000000000006,46.80000000000001,1,1,1.0
138,7,204.92,279.6,125.53,49.60999999999996,1,1,1.0
138,6,765.37,225.6,93.46000000000004,64.22999999999999,1,1,1.0
138,3,210.0,249.48,91.77999999999997,42.77000000000001,1,1,1.0
139,4,0.0,343.8,309.3,196.2,1,1,1.0
139,5,0.62,306.3,23.58,46.80000000000001,1,1,1.0
139,7,187.85,280.95,127.25000000000003,50.75,1,1,1.0
139,6,758.66,225.6,93.63999999999999,65.77000000000001,1,1,1.0
139,8,717.65,497.6,134.76999999999998,42.32999999999993,1,1,1.0
139,3,210.0,249.48,91.77999999999997,42.77000000000001,1,1,1.0
140,4,0.0,343.8,289.2,196.2,1,1,1.0
140,7,169.44,278.71,127.25,50.76000000000005,1,1,1.0
140,6,751.96,224.48,93.63999999999999,65.77000000000001,1,1,1.0
140,8,726.76,492.22,134.01999999999998,47.559999999999945,1,1,1.0
140,3,210.0,249.48,91.77999999999997,42.77000000000001,1,1,1.0
141,4,0.0,349.23,266.98,190.76999999999998,1,1,1.0
141,7,152.26,280.21,128.76,51.5,1,1,1.0
141,6,742.63,225.23,96.25,65.77000000000001,1,1,1.0
141,8,735.87,486.84,133.26,52.79000000000002,1,1,1.0
141,3,210.0,249.48,91.77999999999997,42.77000000000001,1,1,1.0
142,4,0.0,354.65,244.75,185.35000000000002,1,1,1.0
142,7,135.09,281.71,130.26000000000002,52.24000000000001,1,1,1.0
142,6,733.29,225.98,98.86000000000001,65.77000000000001,1,1,1.0
142,8,744.98,481.46,132.51,58.02000000000004,1,1,1.0
142,3,210.0,249.48,91.77999999999997,42.77000000000001,1,1,1.0
143,4,0.0,360.08,222.53,179.92000000000002,1,1,1.0
143,7,117.91,283.2,131.76,52.99000000000001,1,1,1.0
143,6,723.96,226.72,101.46999999999991,65.77000000000001,1,1,1.0
143,8,754.09,476.08,131.75,63.25000000000006,1,1,1.0
143,3,210.0,249.48,91.77999999999997,42.77000000000001,1,1,1.0
144,4,0.0,365.5,200.3,174.5,1,1,1.0
144,7,100.74,284.7,133.26,53.73000000000002,1,1,1.0
144,6,714.62,227.47,104.08000000000004,65.77000000000001,1,1,1.0
144,8,763.2,470.7,131.0,68.47999999999996,1,1,1.0
144,3,210.0,249.48,91.77999999999997,42.77000000000001,1,1,1.0
145,4,0.0,368.3,176.23,171.7,1,1,1.0
145,7,82.63,286.2,135.12,54.47000000000003,1,1,1.0
145,6,707.34,227.84,104.07999999999993,65.77000000000001,1,1,1.0
145,8,774.03,466.77,127.07000000000005,71.65999999999997,1,1,1.0
145,3,210.0,249.48,91.77999999999997,42.77000000000001,1,1,1.0
146,4,0.0,371.1,152.15,168.89999999999998,1,1,1.0
146,7,64.52,287.7,136.98000000000002,55.210000000000036,1,1,1.0
146,6,700.06,228.22,104.08000000000004,65.77000000000001,1,1,1.0
146,8,784.86,462.85,123.13999999999999,74.84000000000003,1,1,1.0
146,3,210.0,249.48,91.77999999999997,42.77000000000001,1,1,1.0
147,4,0.0,373.9,128.08,166.10000000000002,1,1,1.0
147,7,46.41,289.2,138.84,55.94999999999999,1,1,1.0
147,6,692.78,228.59,104.08000000000004,65.77000000000001,1,1,1.0
147,8,795.69,458.92,119.20999999999992,78.02000000000004,1,1,1.0
147,3,210.0,249.48,91.77999999999997,42.77000000000001,1,1,1.0
148,4,0.0,376.7,104.0,163.3,1,1,1.0
148,7,28.3,290.7,140.7,56.69,1,1,1.0
148,6,685.5,228.96,104.08000000000004,65.77000000000001,1,1,1.0
148,8,806.52,455.0,115.27999999999997,81.19000000000005,1,1,1.0
148,3,210.0,249.48,91.77999999999997,42.77000000000001,1,1,1.0
149,4,0.0,379.4,77.9,160.35000000000002,1,1,1.0
149,7,10.1,291.7,141.98000000000002,56.68000000000001,1,1,1.0
149,6,677.78,229.46,104.08000000000004,65.77000000000001,1,1,1.0
149,8,813.49,449.77,115.27999999999997,81.19000000000005,1,1,1.0
149,3,210.0,249.48,91.77999999999997,42.77000000000001,1,1,1.0
150,4,0.0,385.1,49.1,154.39999999999998,1,1,1.0
150,7,0.0,292.69,134.04,56.69,1,1,1.0
150,6,670.07,229.96,104.06999999999994,65.77000000000001,1,1,1.0
150,8,820.45,444.55,115.28999999999996,81.19,1,1,1.0
150,3,210.0,249.48,91.77999999999997,42.77000000000001,1,1,1.0
151,7,2.91,293.69,113.09,56.68000000000001,1,1,1.0
151,6,662.35,230.46,104.07999999999993,65.77000000000001,1,1,1.0
151,8,827.42,439.32,115.29000000000008,81.19,1,1,1.0
151,3,210.0,249.48,91.77999999999997,42.77000000000001,1,1,1.0
152,7,0.67,297.42,101.13,56.69,1,1,1.0
152,6,645.92,231.21,112.28000000000009,65.76000000000002,1,1,1.0
152,8,833.4,434.09,115.27999999999997,81.19,1,1,1.0
152,3,210.0,249.48,91.77999999999997,42.77000000000001,1,1,1.0
153,7,0.67,297.42,84.33,56.69,1,1,1.0
153,6,638.46,230.83,112.26999999999998,65.77000000000001,1,1,1.0
153,8,842.75,429.61,110.78999999999996,81.19,1,1,1.0
153,3,210.0,249.48,91.77999999999997,42.77000000000001,1,1,1.0
154,7,0.67,297.42,67.53,56.69,1,1,1.0
154,6,630.99,230.46,112.27999999999997,65.77000000000001,1,1,1.0
154,8,852.1,425.13,106.28999999999996,81.19,1,1,1.0
154,3,210.0,249.48,91.77999999999997,42.77000000000001,1,1,1.0
155,7,0.67,297.42,49.23,56.69,1,1,1.0
155,6,620.16,230.09,114.51999999999998,66.86999999999998,1,1,1.0
155,8,859.2,421.41,99.18999999999994,79.69999999999999,1,1,1.0
155,3,210.0,249.48,91.77999999999997,42.77000000000001,1,1,1.0
156,7,0.67,297.42,30.93,56.69,1,1,1.0
156,6,609.33,229.71,116.76999999999998,67.98999999999998,1,1,1.0
156,8,866.3,417.7,92.09000000000003,78.19999999999999,1,1,1.0
156,3,210.0,249.48,91.77999999999997,42.77000000000001,1,1,1.0
157,6,602.61,231.95,116.76999999999998,67.99000000000001,1,1,1.0
157,8,876.8,417.7,81.59000000000003,67.0,1,1,1.0
157,3,210.0,249.48,91.77999999999997,42.77000000000001,1,1,1.0
158,6,592.58,232.27,116.76999999999998,67.98999999999998,1,1,1.0
158,8,882.88,413.65,75.74000000000001,67.0,1,1,1.0
158,3,210.0,249.48,91.77999999999997,42.77000000000001,1,1,1.0
159,6,582.56,232.59,116.7600000000001,67.98999999999998,1,1,1.0
159,8,888.96,409.59,69.88999999999999,67.0,1,1,1.0
159,3,210.0,249.48,91.77999999999997,42.77000000000001,1,1,1.0
160,6,572.53,232.91,116.76999999999998,67.98999999999998,1,1,1.0
160,8,895.04,405.54,64.04000000000008,67.0,1,1,1.0
160,3,210.0,249.48,91.77999999999997,42.77000000000001,1,1,1.0
161,6,562.5,233.23,116.76999999999998,67.99000000000004,1,1,1.0
161,8,901.12,401.48,58.18999999999994,67.0,1,1,1.0
161,3,210.0,249.48,91.77999999999997,42.77000000000001,1,1,1.0
162,6,552.47,233.55,116.76999999999998,67.99000000000001,1,1,1.0
162,8,907.2,397.43,52.33999999999992,67.0,1,1,1.0
162,3,210.0,249.48,91.77999999999997,42.77000000000001,1,1,1.0
163,6,542.45,233.87,116.75999999999999,67.99000000000001,1,1,1.0
163,8,913.28,393.38,46.49000000000001,67.0,1,1,1.0
163,3,210.0,249.48,91.77999999999997,42.77000000000001,1,1,1.0
164,6,532.42,234.19,116.7700000000001,67.99000000000001,1,1,1.0
164,8,919.37,389.32,40.629999999999995,67.0,1,1,1.0
164,3,210.0,249.48,91.77999999999997,42.77000000000001,1,1,1.0
165,6,519.48,234.93,120.74000000000001,69.49000000000001,1,1,1.0
165,8,923.84,387.81,36.15999999999997,65.04000000000002,1,1,1.0
165,3,210.0,249.48,91.77999999999997,42.77000000000001,1,1,1.0
166,6,506.53,235.66,124.73000000000002,71.00000000000003,1,1,1.0
166,8,928.32,386.31,31.67999999999995,63.06,1,1,1.0
166,3,210.0,249.48,91.77999999999997,42.77000000000001,1,1,1.0
167,6,493.59,236.4,128.70999999999998,72.49999999999997,1,1,1.0
167,8,932.8,384.8,27.200000000000045,61.099999999999966,1,1,1.0
167,3,210.0,249.48,91.77999999999997,42.77000000000001,1,1,1.0
168,6,483.51,235.65,128.71000000000004,72.51000000000002,1,1,1.0
168,8,932.8,384.8,27.200000000000045,61.099999999999966,1,1,1.0
168,3,210.0,249.48,91.77999999999997,42.77000000000001,1,1,1.0
169,6,473.43,234.91,128.70999999999998,72.50000000000003,1,1,1.0
169,3,210.0,249.48,91.77999999999997,42.77000000000001,1,1,1.0
170,6,461.59,235.87,129.33999999999997,72.5,1,1,1.0
170,3,210.0,249.48,91.77999999999997,42.77000000000001,1,1,1.0
171,6,449.74,236.83,129.99,72.49999999999997,1,1,1.0
171,3,210.0,249.48,91.77999999999997,42.77000000000001,1,1,1.0
172,6,437.9,237.79,130.62,72.50000000000003,1,1,1.0
172,3,210.0,249.48,91.77999999999997,42.77000000000001,1,1,1.0
173,6,426.06,238.75,131.26000000000005,72.5,1,1,1.0
173,3,210.0,249.48,91.77999999999997,42.77000000000001,1,1,1.0
174,6,414.22,239.71,131.89999999999998,72.49999999999997,1,1,1.0
174,3,210.0,249.48,91.77999999999997,42.77000000000001,1,1,1.0
175,6,402.38,240.67,132.52999999999997,72.50000000000003,1,1,1.0
175,3,210.0,249.48,91.77999999999997,42.77000000000001,1,1,1.0
176,6,390.54,241.63,133.17000000000002,72.5,1,1,1.0
176,3,210.0,249.48,91.77999999999997,42.77000000000001,1,1,1.0
177,6,379.17,241.63,133.99999999999994,73.07999999999998,1,1,1.0
177,3,210.0,249.48,91.77999999999997,42.77000000000001,1,1,1.0
178,6,367.8,241.62,134.83999999999997,73.67000000000002,1,1,1.0
178,3,210.0,249.48,91.77999999999997,42.77000000000001,1,1,1.0
179,6,356.44,241.62,135.66000000000003,74.25,1,1,1.0
179,3,210.0,249.48,91.77999999999997,42.77000000000001,1,1,1.0
180,6,345.07,241.62,136.5,74.82999999999998,1,1,1.0
180,3,210.0,249.48,91.77999999999997,42.77000000000001,1,1,1.0
181,6,333.7,241.61,137.34000000000003,75.41999999999996,1,1,1.0
181,3,210.0,249.48,91.77999999999997,42.77000000000001,1,1,1.0
182,6,322.33,241.61,138.17000000000002,76.0,1,1,1.0
182,3,210.0,249.48,91.77999999999997,42.77000000000001,1,1,1.0
183,6,310.97,241.61,139.0,76.58999999999997,1,1,1.0
183,3,210.0,249.48,91.77999999999997,42.77000000000001,1,1,1.0
184,6,299.6,241.6,139.82999999999998,77.17999999999998,1,1,1.0
184,3,210.0,249.48,91.77999999999997,42.77000000000001,1,1,1.0
185,6,288.23,241.6,140.66999999999996,77.76000000000002,1,1,1.0
185,3,210.0,249.48,91.77999999999997,42.77000000000001,1,1,1.0
186,6,276.73,242.34,141.10999999999996,78.51000000000002,1,1,1.0
186,3,210.0,249.48,91.77999999999997,42.77000000000001,1,1,1.0
187,6,265.23,243.08,141.54999999999995,79.25999999999996,1,1,1.0
187,3,210.0,249.48,91.77999999999997,42.77000000000001,1,1,1.0
188,6,253.73,243.82,141.99000000000004,80.01999999999998,1,1,1.0
188,3,210.0,249.48,91.77999999999997,42.77000000000001,1,1,1.0
189,6,242.23,244.56,142.43000000000004,80.76999999999998,1,1,1.0
189,3,210.0,249.48,91.77999999999997,42.77000000000001,1,1,1.0
190,6,230.73,245.3,142.87000000000003,81.51999999999998,1,1,1.0
190,3,210.0,249.48,91.77999999999997,42.77000000000001,1,1,1.0
