1,1,123.27,335.04,131.76,55.19,1,1,1.0
1,2,734.86,265.68,70.47000000000003,38.670000000000016,1,1,1.0
1,3,210.0,249.48,91.77999999999997,42.77000000000001,1,1,1.0
1,4,557.53,245.91,31.180000000000064,38.32000000000002,1,1,1.0
2,1,99.63,337.8,135.97,59.370000000000005,1,1,1.0
2,2,721.11,268.26,70.47000000000003,38.670000000000016,1,1,1.0
2,3,210.0,249.48,91.77999999999997,42.77000000000001,1,1,1.0
2,4,553.07,245.69,31.18999999999994,38.31999999999999,1,1,1.0
3,1,73.68,341.24,138.51999999999998,59.370000000000005,1,1,1.0
3,2,707.36,270.6,76.13999999999999,37.299999999999955,1,1,1.0
3,3,210.0,249.48,91.77999999999997,42.77000000000001,1,1,1.0
3,4,548.61,245.47,31.18999999999994,38.309999999999974,1,1,1.0
3,5,0.59,255.71,21.39,31.18999999999997,1,1,1.0
4,1,48.32,345.7,143.68,60.04000000000002,1,1,1.0
4,2,692.74,273.23,76.14999999999998,37.299999999999955,1,1,1.0
4,3,210.0,249.48,91.77999999999997,42.77000000000001,1,1,1.0
4,4,544.16,245.24,31.190000000000055,38.31999999999999,1,1,1.0
4,5,3.18,256.69,21.03,31.189999999999998,1,1,1.0
5,1,23.5,349.7,144.6,61.02000000000004,1,1,1.0
5,2,678.82,273.5,76.14999999999998,40.00999999999999,1,1,1.0
5,3,210.0,249.48,91.77999999999997,42.77000000000001,1,1,1.0
5,4,539.7,245.02,31.18999999999994,38.319999999999965,1,1,1.0
5,5,5.76,257.67,20.68,31.189999999999998,1,1,1.0
6,1,0.3,352.1,145.17,63.27999999999997,1,1,1.0
6,2,664.39,276.0,77.00999999999999,40.00999999999999,1,1,1.0
6,3,210.0,249.48,91.77999999999997,42.77000000000001,1,1,1.0
6,4,533.59,245.53,31.699999999999932,38.32000000000002,1,1,1.0
6,5,8.34,258.65,20.32,31.189999999999998,1,1,1.0
7,1,0.3,353.4,122.5,67.30000000000001,1,1,1.0
7,2,649.75,276.5,78.25,42.170000000000016,1,1,1.0
7,3,210.0,249.48,91.77999999999997,42.77000000000001,1,1,1.0
7,4,527.48,246.04,32.210000000000036,38.32000000000002,1,1,1.0
7,5,10.92,259.63,19.97,31.189999999999998,1,1,1.0
8,1,0.0,361.13,101.7,67.30000000000001,1,1,1.0
8,2,636.66,278.04,79.04000000000008,42.16999999999996,1,1,1.0
8,3,210.0,249.48,91.77999999999997,42.77000000000001,1,1,1.0
8,4,521.37,246.55,32.73000000000002,38.31,1,1,1.0
8,5,13.5,260.61,19.619999999999997,31.189999999999998,1,1,1.0
9,1,0.0,362.0,77.2,60.80000000000001,1,1,1.0
9,2,620.98,279.97,80.86000000000001,42.839999999999975,1,1,1.0
9,3,210.0,249.48,91.77999999999997,42.77000000000001,1,1,1.0
9,4,515.26,247.06,33.24000000000001,38.31,1,1,1.0
9,5,16.08,261.59,19.270000000000003,31.189999999999998,1,1,1.0
10,1,0.0,362.0,52.35,63.44999999999999,1,1,1.0
10,2,605.3,281.89,82.67000000000007,43.50999999999999,1,1,1.0
10,3,210.0,249.48,91.77999999999997,42.77000000000001,1,1,1.0
10,4,509.15,247.57,33.75,38.31,1,1,1.0
10,5,18.66,262.57,18.91,31.189999999999998,1,1,1.0
11,1,0.0,362.0,27.5,66.10000000000002,1,1,1.0
11,2,591.44,284.2,82.66999999999996,43.50999999999999,1,1,1.0
11,3,210.0,249.48,91.77999999999997,42.77000000000001,1,1,1.0
11,4,503.04,248.08,34.259999999999934,38.309999999999974,1,1,1.0
11,5,21.24,263.55,18.56,31.189999999999998,1,1,1.0
12,2,575.3,285.8,84.55000000000007,46.099999999999966,1,1,1.0
12,3,210.0,249.48,91.77999999999997,42.77000000000001,1,1,1.0
12,4,496.93,248.58,34.77000000000004,38.319999999999965,1,1,1.0
12,5,23.82,264.53,18.21,31.190000000000055,1,1,1.0
13,2,559.83,288.1,86.66999999999996,44.65999999999997,1,1,1.0
13,3,210.0,249.48,91.77999999999997,42.77000000000001,1,1,1.0
13,4,490.7,248.77,34.76000000000005,37.78,1,1,1.0
13,5,26.4,265.51,17.86,31.189999999999998,1,1,1.0
14,2,544.6,289.21,86.66999999999996,44.660000000000025,1,1,1.0
14,3,210.0,249.48,91.77999999999997,42.77000000000001,1,1,1.0
14,4,484.47,248.95,34.75,37.24000000000001,1,1,1.0
14,5,26.4,265.51,17.950000000000003,32.18000000000001,1,1,1.0
15,2,527.15,292.6,88.55000000000007,45.39999999999998,1,1,1.0
15,3,210.0,249.48,91.77999999999997,42.77000000000001,1,1,1.0
15,4,478.23,249.13,34.75999999999999,36.69999999999999,1,1,1.0
15,5,26.4,265.51,18.04,33.170000000000016,1,1,1.0
16,2,508.58,294.46,92.32,45.400000000000034,1,1,1.0
16,3,210.0,249.48,91.77999999999997,42.77000000000001,1,1,1.0
16,4,472.0,249.31,34.75,36.170000000000016,1,1,1.0
16,5,26.4,265.51,18.14,34.160000000000025,1,1,1.0
17,2,493.35,298.54,92.31999999999994,45.39999999999998,1,1,1.0
17,3,210.0,249.48,91.77999999999997,42.77000000000001,1,1,1.0
17,4,465.77,249.49,34.74000000000001,35.629999999999995,1,1,1.0
17,5,26.4,265.51,18.230000000000004,35.150000000000034,1,1,1.0
18,2,472.92,300.03,94.57999999999998,47.97000000000003,1,1,1.0
18,3,210.0,249.48,91.77999999999997,42.77000000000001,1,1,1.0
18,4,459.53,249.67,34.74000000000001,35.09,1,1,1.0
18,5,26.4,265.51,18.33,36.139999999999986,1,1,1.0
19,2,457.3,301.89,95.30000000000001,50.910000000000025,1,1,1.0
19,3,210.0,249.48,91.77999999999997,42.77000000000001,1,1,1.0
19,4,453.3,249.86,34.74000000000001,34.55000000000001,1,1,1.0
19,5,26.4,265.51,18.42,37.120000000000005,1,1,1.0
20,2,440.96,305.2,95.30000000000001,51.68000000000001,1,1,1.0
20,3,210.0,249.48,91.77999999999997,42.77000000000001,1,1,1.0
20,4,447.07,250.04,34.73000000000002,34.01000000000002,1,1,1.0
20,5,26.4,265.51,18.509999999999998,38.110000000000014,1,1,1.0
21,2,425.36,307.8,98.24000000000001,51.69,1,1,1.0
21,3,210.0,249.48,91.77999999999997,42.77000000000001,1,1,1.0
21,4,440.83,250.22,34.73000000000002,33.47,1,1,1.0
21,5,26.4,265.51,18.61,39.10000000000002,1,1,1.0
22,2,408.27,311.89,98.25,51.68000000000001,1,1,1.0
22,3,210.0,249.48,91.77999999999997,42.77000000000001,1,1,1.0
22,4,434.6,250.4,34.71999999999997,32.93999999999997,1,1,1.0
22,5,26.4,265.51,18.700000000000003,40.09000000000003,1,1,1.0
23,2,387.47,313.0,104.13,54.30000000000001,1,1,1.0
23,3,210.0,249.48,91.77999999999997,42.77000000000001,1,1,1.0
23,4,428.03,250.1,35.620000000000005,33.00000000000003,1,1,1.0
23,5,24.03,266.13,18.699999999999996,40.09000000000003,1,1,1.0
24,2,367.05,316.71,107.05000000000001,54.30000000000001,1,1,1.0
24,3,210.0,249.48,91.77999999999997,42.77000000000001,1,1,1.0
24,4,421.46,249.8,36.52000000000004,33.06,1,1,1.0
24,5,21.66,266.75,18.7,40.089999999999975,1,1,1.0
25,2,349.22,319.69,108.57999999999998,55.81,1,1,1.0
25,3,210.0,249.48,91.77999999999997,42.77000000000001,1,1,1.0
25,4,414.89,249.5,37.410000000000025,33.110000000000014,1,1,1.0
25,5,19.29,267.37,18.700000000000003,40.089999999999975,1,1,1.0
26,2,327.7,323.0,110.80000000000001,56.95999999999998,1,1,1.0
26,3,210.0,249.48,91.77999999999997,42.77000000000001,1,1,1.0
26,4,408.31,249.2,38.31999999999999,33.170000000000016,1,1,1.0
26,5,16.91,267.99,18.7,40.079999999999984,1,1,1.0
27,2,309.87,327.8,110.80000000000001,57.360000000000014,1,1,1.0
27,3,210.0,249.48,91.77999999999997,42.77000000000001,1,1,1.0
27,4,401.71,248.71,38.31999999999999,33.17999999999998,1,1,1.0
27,5,14.54,268.61,18.700000000000003,40.079999999999984,1,1,1.0
28,2,287.96,330.03,114.14000000000004,57.35000000000002,1,1,1.0
28,3,210.0,249.48,91.77999999999997,42.77000000000001,1,1,1.0
28,4,395.11,248.23,38.31,33.16999999999999,1,1,1.0
28,5,12.17,269.23,18.700000000000003,40.079999999999984,1,1,1.0
29,2,264.2,334.49,119.69999999999999,58.50999999999999,1,1,1.0
29,3,210.0,249.48,91.77999999999997,42.77000000000001,1,1,1.0
29,4,388.5,247.74,38.31999999999999,33.18000000000001,1,1,1.0
29,5,9.8,269.85,18.7,40.079999999999984,1,1,1.0
30,2,246.74,339.69,118.25999999999999,58.50999999999999,1,1,1.0
30,3,210.0,249.48,91.77999999999997,42.77000000000001,1,1,1.0
30,4,381.9,247.26,38.32000000000005,33.170000000000016,1,1,1.0
30,5,7.43,270.46,18.7,40.09000000000003,1,1,1.0
31,2,222.97,340.4,122.33000000000001,61.14000000000004,1,1,1.0
31,3,210.0,249.48,91.77999999999997,42.77000000000001,1,1,1.0
31,4,375.3,246.77,38.31,33.16999999999999,1,1,1.0
31,5,5.06,271.08,18.700000000000003,40.09000000000003,1,1,1.0
32,2,196.97,343.7,130.53,62.30000000000001,1,1,1.0
32,3,210.0,249.48,91.77999999999997,42.77000000000001,1,1,1.0
32,4,368.69,246.28,38.31999999999999,33.17999999999998,1,1,1.0
32,5,2.69,271.7,18.7,40.09000000000003,1,1,1.0
33,2,174.69,348.9,130.53000000000003,62.30000000000001,1,1,1.0
33,3,210.0,249.48,91.77999999999997,42.77000000000001,1,1,1.0
33,4,362.09,245.8,38.32000000000005,33.170000000000016,1,1,1.0
33,5,2.69,271.19,18.7,40.079999999999984,1,1,1.0
34,2,150.55,355.58,135.34999999999997,62.31,1,1,1.0
34,3,210.0,249.48,91.77999999999997,42.77000000000001,1,1,1.0
34,4,355.49,245.31,38.31,33.18000000000001,1,1,1.0
35,2,125.27,359.06,139.53000000000003,64.39999999999998,1,1,1.0
35,3,210.0,249.48,91.77999999999997,42.77000000000001,1,1,1.0
35,4,348.89,244.83,38.31,33.16999999999999,1,1,1.0
36,2,100.0,362.53,143.7,66.5,1,1,1.0
36,3,210.0,249.48,91.77999999999997,42.77000000000001,1,1,1.0
36,4,342.28,244.34,38.32000000000005,33.16999999999999,1,1,1.0
37,2,70.33,366.0,150.57,68.60000000000002,1,1,1.0
37,3,210.0,249.48,91.77999999999997,42.77000000000001,1,1,1.0
37,4,335.68,243.85,38.31,33.17999999999998,1,1,1.0
38,2,44.26,370.5,153.31,70.94999999999999,1,1,1.0
38,3,210.0,249.48,91.77999999999997,42.77000000000001,1,1,1.0
38,4,329.08,243.37,38.31,33.170000000000016,1,1,1.0
39,2,18.2,375.0,156.05,73.29000000000002,1,1,1.0
39,3,210.0,249.48,91.77999999999997,42.77000000000001,1,1,1.0
39,4,322.47,242.88,38.31999999999999,33.170000000000016,1,1,1.0
40,2,0.35,379.5,150.57,75.63999999999999,1,1,1.0
40,3,210.0,249.48,91.77999999999997,42.77000000000001,1,1,1.0
40,4,316.42,242.02,36.94,32.41999999999999,1,1,1.0
41,2,0.0,385.72,125.57,73.38999999999999,1,1,1.0
41,3,210.0,249.48,91.77999999999997,42.77000000000001,1,1,1.0
41,4,310.36,241.16,35.56999999999999,31.659999999999997,1,1,1.0
42,2,0.15,390.01,101.03999999999999,71.15000000000003,1,1,1.0
42,3,210.0,249.48,91.77999999999997,42.77000000000001,1,1,1.0
42,4,304.3,240.3,34.19999999999999,30.899999999999977,1,1,1.0
43,2,0.3,394.3,76.5,68.89999999999998,1,1,1.0
43,3,210.0,249.48,91.77999999999997,42.77000000000001,1,1,1.0
43,4,298.24,239.8,33.30000000000001,29.69999999999999,1,1,1.0
44,2,0.3,394.3,48.900000000000006,68.89999999999998,1,1,1.0
44,3,210.0,249.48,91.77999999999997,42.77000000000001,1,1,1.0
44,4,292.18,239.31,32.39999999999998,28.49000000000001,1,1,1.0
45,2,0.3,394.3,22.7,68.89999999999998,1,1,1.0
45,3,210.0,249.48,91.77999999999997,42.77000000000001,1,1,1.0
45,4,286.12,238.81,31.5,27.29000000000002,1,1,1.0
46,3,210.0,249.48,91.77999999999997,42.77000000000001,1,1,1.0
46,4,280.06,238.31,30.600000000000023,26.089999999999975,1,1,1.0
47,3,210.0,249.48,91.77999999999997,42.77000000000001,1,1,1.0
47,4,274.0,237.81,29.69999999999999,24.889999999999986,1,1,1.0
48,3,210.0,249.48,91.77999999999997,42.77000000000001,1,1,1.0
48,4,267.04,237.57,29.69999999999999,24.879999999999995,1,1,1.0
49,3,210.0,249.48,91.77999999999997,42.77000000000001,1,1,1.0
49,4,260.08,237.32,29.69999999999999,24.879999999999995,1,1,1.0
50,3,210.0,249.48,91.77999999999997,42.77000000000001,1,1,1.0
50,4,253.12,237.07,29.69999999999999,24.879999999999995,1,1,1.0
51,3,210.0,249.48,91.77999999999997,42.77000000000001,1,1,1.0
51,4,246.16,236.82,29.690000000000026,24.889999999999986,1,1,1.0
52,3,210.0,249.48,91.77999999999997,42.77000000000001,1,1,1.0
52,4,239.2,236.57,29.689999999999998,24.889999999999986,1,1,1.0
53,3,210.0,249.48,91.77999999999997,42.77000000000001,1,1,1.0
53,4,232.23,236.32,29.700000000000017,24.889999999999986,1,1,1.0
54,3,210.0,249.48,91.77999999999997,42.77000000000001,1,1,1.0
54,4,225.27,236.07,29.69999999999999,24.889999999999986,1,1,1.0
55,3,210.0,249.48,91.77999999999997,42.77000000000001,1,1,1.0
55,4,218.31,235.83,29.69999999999999,24.879999999999967,1,1,1.0
56,3,210.0,249.48,91.77999999999997,42.77000000000001,1,1,1.0
56,4,211.41,235.63,30.080000000000013,25.149999999999977,1,1,1.0
57,6,928.9,224.17,30.889999999999986,67.35999999999999,1,1,1.0
57,3,210.0,249.48,91.77999999999997,42.77000000000001,1,1,1.0
57,4,204.51,235.44,30.450000000000017,25.399999999999977,1,1,1.0
58,6,925.7,224.17,34.08999999999992,68.74000000000004,1,1,1.0
58,3,210.0,249.48,91.77999999999997,42.77000000000001,1,1,1.0
58,4,197.6,235.25,30.840000000000003,25.660000000000025,1,1,1.0
59,6,920.67,223.8,39.120000000000005,70.12,1,1,1.0
59,3,210.0,249.48,91.77999999999997,42.77000000000001,1,1,1.0
59,4,190.7,235.06,31.22,25.910000000000025,1,1,1.0
60,6,915.63,223.43,44.15999999999997,71.5,1,1,1.0
60,3,210.0,249.48,91.77999999999997,42.77000000000001,1,1,1.0
60,4,183.8,234.87,31.589999999999975,26.170000000000016,1,1,1.0
61,6,910.6,223.06,49.18999999999994,72.88,1,1,1.0
61,3,210.0,249.48,91.77999999999997,42.77000000000001,1,1,1.0
61,4,176.89,234.67,31.980000000000018,26.430000000000035,1,1,1.0
62,6,905.4,223.61,54.389999999999986,74.25999999999999,1,1,1.0
62,3,210.0,249.48,91.77999999999997,42.77000000000001,1,1,1.0
62,4,169.99,234.48,32.359999999999985,26.690000000000026,1,1,1.0
63,6,897.9,224.17,61.889999999999986,75.63000000000002,1,1,1.0
63,3,210.0,249.48,91.77999999999997,42.77000000000001,1,1,1.0
63,4,163.09,234.29,32.72999999999999,26.940000000000026,1,1,1.0
64,6,893.3,224.17,66.5,77.45000000000002,1,1,1.0
64,3,210.0,249.48,91.77999999999997,42.77000000000001,1,1,1.0
64,4,156.18,234.1,33.120000000000005,27.200000000000017,1,1,1.0
65,6,887.2,224.17,72.58999999999992,79.28,1,1,1.0
65,3,210.0,249.48,91.77999999999997,42.77000000000001,1,1,1.0
65,4,149.18,233.48,33.120000000000005,27.200000000000017,1,1,1.0
66,6,881.1,224.17,78.68999999999994,81.1,1,1,1.0
66,3,210.0,249.48,91.77999999999997,42.77000000000001,1,1,1.0
66,4,142.18,232.85,33.120000000000005,27.200000000000017,1,1,1.0
67,6,875.0,224.17,84.78999999999996,82.91999999999999,1,1,1.0
67,3,210.0,249.48,91.77999999999997,42.77000000000001,1,1,1.0
67,4,135.18,232.23,33.120000000000005,27.200000000000017,1,1,1.0
68,6,868.09,225.15,91.69999999999993,83.77000000000001,1,1,1.0
68,3,210.0,249.48,91.77999999999997,42.77000000000001,1,1,1.0
68,4,128.18,231.61,33.120000000000005,27.19999999999999,1,1,1.0
69,6,861.18,226.13,98.61000000000001,84.61000000000001,1,1,1.0
69,3,210.0,249.48,91.77999999999997,42.77000000000001,1,1,1.0
69,4,121.18,230.98,33.120000000000005,27.200000000000017,1,1,1.0
70,6,854.27,227.11,105.51999999999998,85.44999999999999,1,1,1.0
70,3,210.0,249.48,91.77999999999997,42.77000000000001,1,1,1.0
70,4,114.19,230.36,33.110000000000014,27.19999999999999,1,1,1.0
71,6,847.36,228.09,112.42999999999995,86.28999999999999,1,1,1.0
71,3,210.0,249.48,91.77999999999997,42.77000000000001,1,1,1.0
71,4,107.19,229.74,33.110000000000014,27.19999999999999,1,1,1.0
72,6,840.44,229.07,119.34999999999991,87.13999999999999,1,1,1.0
72,3,210.0,249.48,91.77999999999997,42.77000000000001,1,1,1.0
72,4,100.19,229.11,33.120000000000005,27.19999999999999,1,1,1.0
73,6,833.53,230.06,126.25999999999999,87.96999999999997,1,1,1.0
73,3,210.0,249.48,91.77999999999997,42.77000000000001,1,1,1.0
73,4,93.19,228.49,33.120000000000005,27.19999999999999,1,1,1.0
74,6,826.62,231.04,133.16999999999996,88.81000000000003,1,1,1.0
74,3,210.0,249.48,91.77999999999997,42.77000000000001,1,1,1.0
74,4,86.19,227.87,33.120000000000005,27.19999999999999,1,1,1.0
75,6,819.71,232.02,140.07999999999993,89.66,1,1,1.0
75,3,210.0,249.48,91.77999999999997,42.77000000000001,1,1,1.0
75,4,79.19,227.24,33.120000000000005,27.19999999999999,1,1,1.0
76,6,812.8,233.0,146.99,90.5,1,1,1.0
76,3,210.0,249.48,91.77999999999997,42.77000000000001,1,1,1.0
76,4,72.19,226.62,33.120000000000005,27.19999999999999,1,1,1.0
77,6,804.48,233.55,151.26,93.25999999999999,1,1,1.0
77,3,210.0,249.48,91.77999999999997,42.77000000000001,1,1,1.0
77,4,67.59,226.62,33.11999999999999,27.19999999999999,1,1,1.0
78,6,796.15,234.09,155.55000000000007,96.03999999999999,1,1,1.0
78,3,210.0,249.48,91.77999999999997,42.77000000000001,1,1,1.0
78,4,62.99,226.62,33.10999999999999,27.19999999999999,1,1,1.0
79,6,787.83,234.64,159.81999999999994,98.80000000000001,1,1,1.0
79,3,210.0,249.48,91.77999999999997,42.77000000000001,1,1,1.0
79,4,58.38,226.62,33.12,27.19999999999999,1,1,1.0
80,6,779.5,235.19,164.10000000000002,101.56,1,1,1.0
80,7,759.64,260.06,30.91999999999996,29.25999999999999,1,1,1.0
80,3,210.0,249.48,91.77999999999997,42.77000000000001,1,1,1.0
80,4,58.38,226.62,19.919999999999995,27.19999999999999,1,1,1.0
81,6,771.33,237.94,168.2199999999999,102.13,1,1,1.0
81,7,749.7,260.42,31.839999999999918,29.269999999999982,1,1,1.0
81,8,936.88,237.42,15.460000000000036,34.180000000000035,1,1,1.0
81,3,210.0,249.48,91.77999999999997,42.77000000000001,1,1,1.0
82,6,763.15,240.7,172.35000000000002,102.68,1,1,1.0
82,7,739.76,260.79,32.75999999999999,29.25999999999999,1,1,1.0
82,8,931.5,238.41,14.75,33.46000000000001,1,1,1.0
82,3,210.0,249.48,91.77999999999997,42.77000000000001,1,1,1.0
83,6,754.21,240.37,175.11,102.68,1,1,1.0
83,7,729.82,261.16,33.67999999999995,29.25999999999999,1,1,1.0
83,8,926.11,239.41,14.059999999999945,32.73999999999998,1,1,1.0
83,3,210.0,249.48,91.77999999999997,42.77000000000001,1,1,1.0
84,6,745.26,240.04,177.88,102.68000000000004,1,1,1.0
84,7,718.78,261.89,35.889999999999986,29.27000000000004,1,1,1.0
84,8,920.73,240.4,13.350000000000023,32.02000000000001,1,1,1.0
84,3,210.0,249.48,91.77999999999997,42.77000000000001,1,1,1.0
85,6,736.32,239.71,180.64,102.66999999999999,1,1,1.0
85,7,707.74,262.63,38.09000000000003,29.25999999999999,1,1,1.0
85,8,915.35,241.4,12.649999999999977,31.299999999999983,1,1,1.0
85,3,210.0,249.48,91.77999999999997,42.77000000000001,1,1,1.0
86,6,727.37,239.37,183.40999999999997,102.68,1,1,1.0
86,7,696.7,263.37,40.299999999999955,29.25999999999999,1,1,1.0
86,8,896.97,242.11,24.350000000000023,31.30000000000001,1,1,1.0
86,3,210.0,249.48,91.77999999999997,42.77000000000001,1,1,1.0
87,6,718.43,239.04,186.17000000000007,102.68000000000004,1,1,1.0
87,7,686.39,264.47,41.210000000000036,29.25999999999999,1,1,1.0
87,8,878.6,242.81,36.049999999999955,31.30000000000001,1,1,1.0
87,3,210.0,249.48,91.77999999999997,42.77000000000001,1,1,1.0
88,6,707.52,240.98,190.58000000000004,104.60999999999999,1,1,1.0
88,7,676.09,265.57,42.110000000000014,29.269999999999982,1,1,1.0
88,8,875.3,243.52,32.67000000000007,31.299999999999983,1,1,1.0
88,3,210.0,249.48,91.77999999999997,42.77000000000001,1,1,1.0
89,6,696.62,242.92,194.98000000000002,106.53,1,1,1.0
89,7,665.78,266.68,43.01999999999998,29.25999999999999,1,1,1.0
89,8,866.0,244.22,35.289999999999964,31.299999999999983,1,1,1.0
89,3,210.0,249.48,91.77999999999997,42.77000000000001,1,1,1.0
90,6,685.72,244.86,199.38,108.45999999999998,1,1,1.0
90,7,652.53,265.85,51.01999999999998,31.21999999999997,1,1,1.0
90,8,856.7,244.93,37.91999999999996,31.30000000000001,1,1,1.0
90,3,210.0,249.48,91.77999999999997,42.77000000000001,1,1,1.0
91,6,674.81,246.8,203.79000000000008,110.38,1,1,1.0
91,7,639.28,265.02,59.01999999999998,33.18000000000001,1,1,1.0
91,8,856.5,244.93,34.200000000000045,31.30000000000001,1,1,1.0
91,3,210.0,249.48,91.77999999999997,42.77000000000001,1,1,1.0
92,6,663.88,247.58,207.53999999999996,112.03,1,1,1.0
92,7,627.13,265.57,62.99000000000001,33.18000000000001,1,1,1.0
92,8,845.8,245.48,36.67000000000007,31.919999999999987,1,1,1.0
92,3,210.0,249.48,91.77999999999997,42.77000000000001,1,1,1.0
93,6,652.95,248.36,211.28999999999996,113.68,1,1,1.0
93,7,614.98,266.13,66.96000000000004,33.170000000000016,1,1,1.0
93,8,835.1,246.04,39.14999999999998,32.53999999999999,1,1,1.0
93,3,210.0,249.48,91.77999999999997,42.77000000000001,1,1,1.0
94,6,642.01,249.14,215.04999999999995,115.33000000000004,1,1,1.0
94,7,602.84,266.68,70.91999999999996,33.18000000000001,1,1,1.0
94,8,824.4,246.6,41.620000000000005,33.150000000000006,1,1,1.0
94,3,210.0,249.48,91.77999999999997,42.77000000000001,1,1,1.0
95,6,631.08,249.92,218.79999999999995,116.97999999999999,1,1,1.0
95,7,590.69,267.23,74.88999999999999,33.18000000000001,1,1,1.0
95,8,815.8,246.81,41.620000000000005,33.160000000000025,1,1,1.0
95,3,210.0,249.48,91.77999999999997,42.77000000000001,1,1,1.0
96,6,620.15,250.7,222.55000000000007,118.63,1,1,1.0
96,7,578.54,267.78,78.86000000000001,33.18000000000001,1,1,1.0
96,8,807.2,247.03,41.629999999999995,33.150000000000006,1,1,1.0
96,3,210.0,249.48,91.77999999999997,42.77000000000001,1,1,1.0
97,6,609.17,252.0,225.13,118.42000000000002,1,1,1.0
97,7,566.07,267.78,80.77999999999997,33.18000000000001,1,1,1.0
97,8,797.74,247.89,41.629999999999995,33.150000000000034,1,1,1.0
97,3,210.0,249.48,91.77999999999997,42.77000000000001,1,1,1.0
98,6,598.2,253.3,227.69999999999993,118.19999999999999,1,1,1.0
98,7,553.6,267.78,82.69999999999993,33.18000000000001,1,1,1.0
98,8,788.28,248.75,41.629999999999995,33.14999999999998,1,1,1.0
98,3,210.0,249.48,91.77999999999997,42.77000000000001,1,1,1.0
99,6,584.76,255.12,232.53999999999996,120.25,1,1,1.0
99,7,539.84,268.75,85.61000000000001,33.18000000000001,1,1,1.0
99,8,772.26,248.96,48.51999999999998,33.150000000000006,1,1,1.0
99,3,210.0,249.48,91.77999999999997,42.77000000000001,1,1,1.0
100,6,571.33,256.95,237.37,122.29000000000002,1,1,1.0
100,7,526.08,269.72,88.51999999999998,33.16999999999996,1,1,1.0
100,8,756.25,249.18,55.39999999999998,33.14999999999998,1,1,1.0
100,3,210.0,249.48,91.77999999999997,42.77000000000001,1,1,1.0
101,6,557.89,258.78,242.21000000000004,124.33000000000004,1,1,1.0
101,7,512.32,270.68,91.42999999999995,33.18000000000001,1,1,1.0
101,8,740.23,249.39,62.299999999999955,33.150000000000034,1,1,1.0
101,3,210.0,249.48,91.77999999999997,42.77000000000001,1,1,1.0
102,6,544.45,260.6,247.04999999999995,126.38,1,1,1.0
102,7,498.56,271.65,94.33999999999997,33.18000000000001,1,1,1.0
102,8,724.21,249.61,69.18999999999994,33.14999999999998,1,1,1.0
102,3,210.0,249.48,91.77999999999997,42.77000000000001,1,1,1.0
103,6,530.43,261.98,252.55000000000007,128.87,1,1,1.0
103,7,485.24,272.6,96.05999999999995,33.17999999999995,1,1,1.0
103,8,712.61,250.12,71.15999999999997,33.14999999999998,1,1,1.0
103,3,210.0,249.48,91.77999999999997,42.77000000000001,1,1,1.0
104,6,516.42,263.36,258.0400000000001,131.36,1,1,1.0
104,7,471.91,273.54,97.79000000000002,33.18000000000001,1,1,1.0
104,8,701.01,250.64,73.13,33.150000000000034,1,1,1.0
104,3,210.0,249.48,91.77999999999997,42.77000000000001,1,1,1.0
105,6,502.4,264.74,263.5400000000001,133.84999999999997,1,1,1.0
105,7,458.58,274.49,99.52000000000004,33.18000000000001,1,1,1.0
105,8,689.41,251.16,75.10000000000002,33.150000000000006,1,1,1.0
105,3,210.0,249.48,91.77999999999997,42.77000000000001,1,1,1.0
106,6,488.38,266.12,269.03999999999996,136.33999999999997,1,1,1.0
106,7,445.25,275.43,101.25,33.18000000000001,1,1,1.0
106,8,677.8,251.67,77.08000000000004,33.150000000000006,1,1,1.0
106,3,210.0,249.48,91.77999999999997,42.77000000000001,1,1,1.0
107,6,474.36,267.5,274.53999999999996,138.82999999999998,1,1,1.0
107,7,431.92,276.38,102.97999999999996,33.18000000000001,1,1,1.0
107,8,666.2,252.19,79.03999999999996,33.14999999999998,1,1,1.0
107,3,210.0,249.48,91.77999999999997,42.77000000000001,1,1,1.0
108,6,458.45,268.88,280.39000000000004,142.61,1,1,1.0
108,7,417.38,276.64,103.67999999999995,33.94999999999999,1,1,1.0
108,8,653.82,253.13,79.55999999999995,33.14999999999998,1,1,1.0
108,3,210.0,249.48,91.77999999999997,42.77000000000001,1,1,1.0
109,6,442.54,270.26,286.23999999999995,146.39,1,1,1.0
109,7,402.85,276.9,104.37,34.72000000000003,1,1,1.0
109,8,641.43,254.08,80.08000000000004,33.150000000000006,1,1,1.0
109,3,210.0,249.48,91.77999999999997,42.77000000000001,1,1,1.0
110,6,426.64,271.64,292.08000000000004,150.17000000000002,1,1,1.0
110,7,388.32,277.16,105.06,35.47999999999996,1,1,1.0
110,8,629.05,255.02,80.59000000000003,33.16,1,1,1.0
110,9,924.35,215.2,35.64999999999998,54.19999999999999,1,1,1.0
110,3,210.0,249.48,91.77999999999997,42.77000000000001,1,1,1.0
111,6,410.73,273.02,297.92999999999995,153.95000000000005,1,1,1.0
111,7,373.79,277.41,105.75,36.25999999999999,1,1,1.0
111,8,616.67,255.97,81.10000000000002,33.150000000000006,1,1,1.0
111,9,920.42,215.2,39.58000000000004,54.870000000000005,1,1,1.0
111,3,210.0,249.48,91.77999999999997,42.77000000000001,1,1,1.0
112,6,394.82,274.4,303.78000000000003,157.73000000000002,1,1,1.0
112,7,359.25,277.67,106.44999999999999,37.02999999999997,1,1,1.0
112,8,604.28,256.92,81.62,33.14999999999998,1,1,1.0
112,9,916.48,215.2,43.51999999999998,55.55000000000001,1,1,1.0
112,3,210.0,249.48,91.77999999999997,42.77000000000001,1,1,1.0
113,6,376.76,276.2,311.0,160.66000000000003,1,1,1.0
113,7,344.29,278.79,107.13,37.02999999999997,1,1,1.0
113,8,588.46,257.69,84.88,33.31999999999999,1,1,1.0
113,9,912.54,215.2,47.460000000000036,56.22000000000003,1,1,1.0
113,3,210.0,249.48,91.77999999999997,42.77000000000001,1,1,1.0
114,6,358.7,278.0,318.21999999999997,163.58999999999997,1,1,1.0
114,7,329.33,279.91,107.81,37.02999999999997,1,1,1.0
114,8,572.64,258.47,88.13999999999999,33.48999999999995,1,1,1.0
114,9,908.61,215.2,51.389999999999986,56.889999999999986,1,1,1.0
114,3,210.0,249.48,91.77999999999997,42.77000000000001,1,1,1.0
115,6,340.64,279.8,325.44000000000005,166.51999999999998,1,1,1.0
115,7,314.36,281.03,108.5,37.02000000000004,1,1,1.0
115,8,556.81,259.25,91.41000000000008,33.64999999999998,1,1,1.0
115,9,904.67,215.2,55.33000000000004,57.56,1,1,1.0
115,3,210.0,249.48,91.77999999999997,42.77000000000001,1,1,1.0
116,6,322.58,281.6,332.66,169.45,1,1,1.0
116,7,299.4,282.14,109.18,37.03000000000003,1,1,1.0
116,8,540.99,260.02,94.66999999999996,33.83000000000004,1,1,1.0
116,9,900.74,215.2,59.25999999999999,58.23000000000002,1,1,1.0
116,3,210.0,249.48,91.77999999999997,42.77000000000001,1,1,1.0
117,6,304.52,283.4,339.88,172.38,1,1,1.0
117,7,284.44,283.26,109.86000000000001,37.03000000000003,1,1,1.0
117,8,525.17,260.8,97.93000000000006,34.0,1,1,1.0
117,9,896.8,215.2,63.200000000000045,58.900000000000034,1,1,1.0
117,3,210.0,249.48,91.77999999999997,42.77000000000001,1,1,1.0
118,6,282.07,285.87,349.73999999999995,175.82,1,1,1.0
118,7,267.98,284.5,111.01999999999998,37.43000000000001,1,1,1.0
118,8,510.28,261.46,99.16000000000008,35.150000000000034,1,1,1.0
118,9,891.37,215.61,64.92999999999995,59.06999999999999,1,1,1.0
118,3,210.0,249.48,91.77999999999997,42.77000000000001,1,1,1.0
119,6,259.62,288.34,359.61,179.27000000000004,1,1,1.0
119,7,251.53,285.73,112.16999999999999,37.849999999999966,1,1,1.0
119,8,495.4,262.12,100.38999999999999,36.31,1,1,1.0
119,9,885.95,216.03,66.64999999999998,59.22,1,1,1.0
119,3,210.0,249.48,91.77999999999997,42.77000000000001,1,1,1.0
120,6,237.17,290.81,369.47,182.71999999999997,1,1,1.0
120,7,235.08,286.96,113.31999999999996,38.26000000000005,1,1,1.0
120,8,480.51,262.77,101.62,37.47000000000003,1,1,1.0
120,9,880.52,216.44,68.38,59.389999999999986,1,1,1.0
120,3,210.0,249.48,91.77999999999997,42.77000000000001,1,1,1.0
121,6,214.72,293.29,379.3399999999999,186.15999999999997,1,1,1.0
121,7,218.63,288.2,114.47000000000003,38.670000000000016,1,1,1.0
121,8,465.63,263.43,102.84000000000003,38.629999999999995,1,1,1.0
121,9,875.09,216.86,70.11000000000001,59.539999999999964,1,1,1.0
121,3,210.0,249.48,91.77999999999997,42.77000000000001,1,1,1.0
122,6,192.27,295.76,389.20000000000005,189.60000000000002,1,1,1.0
122,7,202.18,289.43,115.62,39.079999999999984,1,1,1.0
122,8,450.74,264.09,104.06999999999994,39.78000000000003,1,1,1.0
122,9,869.66,217.27,71.84000000000003,59.71000000000001,1,1,1.0
122,3,210.0,249.48,91.77999999999997,42.77000000000001,1,1,1.0
123,6,169.82,298.23,399.07,193.04999999999995,1,1,1.0
123,7,185.73,290.66,116.77000000000001,39.5,1,1,1.0
123,8,435.86,264.75,105.29999999999995,40.94,1,1,1.0
123,9,864.24,217.69,73.55999999999995,59.860000000000014,1,1,1.0
123,3,210.0,249.48,91.77999999999997,42.77000000000001,1,1,1.0
124,6,147.38,300.7,408.91999999999996,196.5,1,1,1.0
124,7,169.28,291.9,117.91999999999999,39.900000000000034,1,1,1.0
124,8,420.98,265.4,106.51999999999998,42.10000000000002,1,1,1.0
124,9,858.81,218.1,75.29000000000008,60.03,1,1,1.0
124,3,210.0,249.48,91.77999999999997,42.77000000000001,1,1,1.0
125,6,119.74,303.57,423.33000000000004,201.88,1,1,1.0
125,7,151.24,293.24,119.45999999999998,39.89999999999998,1,1,1.0
125,8,406.01,266.56,108.82000000000005,42.089999999999975,1,1,1.0
125,9,852.29,218.48,77.00999999999999,60.03,1,1,1.0
125,3,210.0,249.48,91.77999999999997,42.77000000000001,1,1,1.0
126,6,92.11,306.43,437.72,207.27000000000004,1,1,1.0
126,7,133.21,294.58,120.98999999999998,39.910000000000025,1,1,1.0
126,8,391.04,267.71,111.13,42.09000000000003,1,1,1.0
126,9,845.76,218.87,78.74000000000001,60.02999999999997,1,1,1.0
126,3,210.0,249.48,91.77999999999997,42.77000000000001,1,1,1.0
127,6,64.48,309.3,452.12,212.65000000000003,1,1,1.0
127,7,115.17,295.93,122.52999999999999,39.89999999999998,1,1,1.0
127,8,376.08,268.86,113.42000000000002,42.099999999999966,1,1,1.0
127,9,839.24,219.25,80.46000000000004,60.02999999999997,1,1,1.0
127,3,210.0,249.48,91.77999999999997,42.77000000000001,1,1,1.0
128,6,36.89,312.06,464.39,216.96999999999997,1,1,1.0
128,7,96.64,297.3,123.67999999999999,40.49000000000001,1,1,1.0
128,8,361.46,269.67,113.88,43.129999999999995,1,1,1.0
128,9,832.56,219.72,81.84000000000003,60.25000000000003,1,1,1.0
128,3,210.0,249.48,91.77999999999997,42.77000000000001,1,1,1.0
129,6,9.3,314.82,476.65999999999997,221.28000000000003,1,1,1.0
129,7,78.1,298.68,124.84,41.06,1,1,1.0
129,8,346.84,270.47,114.34000000000003,44.17999999999995,1,1,1.0
129,9,825.89,220.19,83.21000000000004,60.47000000000003,1,1,1.0
129,3,210.0,249.48,91.77999999999997,42.77000000000001,1,1,1.0
130,6,0.0,317.58,470.64,222.42000000000002,1,1,1.0
130,7,59.57,300.05,125.99000000000001,41.64999999999998,1,1,1.0
130,8,332.21,271.28,114.81,45.22000000000003,1,1,1.0
130,9,819.21,220.66,84.58999999999992,60.690000000000026,1,1,1.0
130,3,210.0,249.48,91.77999999999997,42.77000000000001,1,1,1.0
131,6,0.0,320.34,455.32,219.66000000000003,1,1,1.0
131,7,41.03,301.43,127.15,42.23000000000002,1,1,1.0
131,8,317.59,272.08,115.27000000000004,46.27000000000004,1,1,1.0
131,9,812.53,221.13,85.97000000000003,60.910000000000025,1,1,1.0
131,3,210.0,249.48,91.77999999999997,42.77000000000001,1,1,1.0
132,6,0.0,323.1,440.0,216.89999999999998,1,1,1.0
132,7,22.5,302.8,128.3,42.81,1,1,1.0
132,8,302.97,272.89,115.72999999999996,47.31,1,1,1.0
132,9,805.85,221.6,87.35000000000002,61.130000000000024,1,1,1.0
132,3,210.0,249.48,91.77999999999997,42.77000000000001,1,1,1.0
133,6,0.0,326.13,422.3,213.87,1,1,1.0
133,7,5.2,304.55,129.5,44.81,1,1,1.0
133,8,285.7,273.75,118.90000000000003,47.31,1,1,1.0
133,9,799.23,221.02,87.35000000000002,61.140000000000015,1,1,1.0
133,3,210.0,249.48,91.77999999999997,42.77000000000001,1,1,1.0
134,6,0.0,329.15,404.6,210.85000000000002,1,1,1.0
134,7,0.62,306.3,117.97999999999999,46.80000000000001,1,1,1.0
134,8,268.44,274.62,122.06,47.31,1,1,1.0
134,9,792.61,220.45,87.35000000000002,61.129999999999995,1,1,1.0
134,3,210.0,249.48,91.77999999999997,42.77000000000001,1,1,1.0
135,6,0.0,332.18,386.9,207.82,1,1,1.0
135,7,0.62,306.3,100.13,46.80000000000001,1,1,1.0
135,8,253.76,275.77,122.06,47.31,1,1,1.0
135,9,785.71,223.02,90.21999999999991,61.150000000000006,1,1,1.0
135,3,210.0,249.48,91.77999999999997,42.77000000000001,1,1,1.0
136,6,0.0,335.2,369.2,204.8,1,1,1.0
136,7,0.62,306.3,82.28,46.80000000000001,1,1,1.0
136,8,239.08,276.92,122.05999999999997,47.31,1,1,1.0
136,9,778.8,225.6,93.10000000000002,61.16,1,1,1.0
136,3,210.0,249.48,91.77999999999997,42.77000000000001,1,1,1.0
137,6,0.0,338.07,349.23,201.93,1,1,1.0
137,7,0.62,306.3,62.71,46.80000000000001,1,1,1.0
137,8,222.0,278.26,123.80000000000001,48.460000000000036,1,1,1.0
137,9,772.09,225.6,93.27999999999997,62.70000000000002,1,1,1.0
137,3,210.0,249.48,91.77999999999997,42.77000000000001,1,1,1.0
138,6,0.0,340.93,329.27,199.07,1,1,1.0
138,7,0.62,306.3,43.150000000000006,46.80000000000001,1,1,1.0
138,8,204.92,279.6,125.53,49.60999999999996,1,1,1.0
138,9,765.37,225.6,93.46000000000004,64.22999999999999,1,1,1.0
138,3,210.0,249.48,91.77999999999997,42.77000000000001,1,1,1.0
139,6,0.0,343.8,309.3,196.2,1,1,1.0
139,7,0.62,306.3,23.58,46.80000000000001,1,1,1.0
139,8,187.85,280.95,127.25000000000003,50.75,1,1,1.0
139,9,758.66,225.6,93.63999999999999,65.77000000000001,1,1,1.0
139,10,717.65,497.6,134.76999999999998,42.32999999999993,1,1,1.0
139,3,210.0,249.48,91.77999999999997,42.77000000000001,1,1,1.0
140,6,0.0,343.8,289.2,196.2,1,1,1.0
140,8,169.44,278.71,127.25,50.76000000000005,1,1,1.0
140,9,751.96,224.48,93.63999999999999,65.77000000000001,1,1,1.0
140,10,726.76,492.22,134.01999999999998,47.559999999999945,1,1,1.0
140,3,210.0,249.48,91.77999999999997,42.77000000000001,1,1,1.0
141,6,0.0,349.23,266.98,190.76999999999998,1,1,1.0
141,8,152.26,280.21,128.76,51.5,1,1,1.0
141,9,742.63,225.23,96.25,65.77000000000001,1,1,1.0
141,10,735.87,486.84,133.26,52.79000000000002,1,1,1.0
141,3,210.0,249.48,91.77999999999997,42.77000000000001,1,1,1.0
142,6,0.0,354.65,244.75,185.35000000000002,1,1,1.0
142,8,135.09,281.71,130.26000000000002,52.24000000000001,1,1,1.0
142,9,733.29,225.98,98.86000000000001,65.77000000000001,1,1,1.0
142,10,744.98,481.46,132.51,58.02000000000004,1,1,1.0
142,3,210.0,249.48,91.77999999999997,42.77000000000001,1,1,1.0
143,6,0.0,360.08,222.53,179.92000000000002,1,1,1.0
143,8,117.91,283.2,131.76,52.99000000000001,1,1,1.0
143,9,723.96,226.72,101.46999999999991,65.77000000000001,1,1,1.0
143,10,754.09,476.08,131.75,63.25000000000006,1,1,1.0
143,3,210.0,249.48,91.77999999999997,42.77000000000001,1,1,1.0
144,6,0.0,365.5,200.3,174.5,1,1,1.0
144,8,100.74,284.7,133.26,53.73000000000002,1,1,1.0
144,9,714.62,227.47,104.08000000000004,65.77000000000001,1,1,1.0
144,10,763.2,470.7,131.0,68.47999999999996,1,1,1.0
144,3,210.0,249.48,91.77999999999997,42.77000000000001,1,1,1.0
145,6,0.0,368.3,176.23,171.7,1,1,1.0
145,8,82.63,286.2,135.12,54.47000000000003,1,1,1.0
145,9,707.34,227.84,104.07999999999993,65.77000000000001,1,1,1.0
145,10,774.03,466.77,127.07000000000005,71.65999999999997,1,1,1.0
145,3,210.0,249.48,91.77999999999997,42.77000000000001,1,1,1.0
146,6,0.0,371.1,152.15,168.89999999999998,1,1,1.0
146,8,64.52,287.7,136.98000000000002,55.210000000000036,1,1,1.0
146,9,700.06,228.22,104.08000000000004,65.77000000000001,1,1,1.0
146,10,784.86,462.85,123.13999999999999,74.84000000000003,1,1,1.0
146,3,210.0,249.48,91.77999999999997,42.77000000000001,1,1,1.0
147,6,0.0,373.9,128.08,166.10000000000002,1,1,1.0
147,8,46.41,289.2,138.84,55.94999999999999,1,1,1.0
147,9,692.78,228.59,104.08000000000004,65.77000000000001,1,1,1.0
147,10,795.69,458.92,119.20999999999992,78.02000000000004,1,1,1.0
147,3,210.0,249.48,91.77999999999997,42.77000000000001,1,1,1.0
148,6,0.0,376.7,104.0,163.3,1,1,1.0
148,8,28.3,290.7,140.7,56.69,1,1,1.0
148,9,685.5,228.96,104.08000000000004,65.77000000000001,1,1,1.0
148,10,806.52,455.0,115.27999999999997,81.19000000000005,1,1,1.0
148,3,210.0,249.48,91.77999999999997,42.77000000000001,1,1,1.0
149,6,0.0,379.4,77.9,160.35000000000002,1,1,1.0
149,8,10.1,291.7,141.98000000000002,56.68000000000001,1,1,1.0
149,9,677.78,229.46,104.08000000000004,65.77000000000001,1,1,1.0
149,10,813.49,449.77,115.27999999999997,81.19000000000005,1,1,1.0
149,3,210.0,249.48,91.77999999999997,42.77000000000001,1,1,1.0
150,6,0.0,385.1,49.1,154.39999999999998,1,1,1.0
150,8,0.0,292.69,134.04,56.69,1,1,1.0
150,9,670.07,229.96,104.06999999999994,65.77000000000001,1,1,1.0
150,10,820.45,444.55,115.28999999999996,81.19,1,1,1.0
150,3,210.0,249.48,91.77999999999997,42.77000000000001,1,1,1.0
151,8,2.91,293.69,113.09,56.68000000000001,1,1,1.0
151,9,662.35,230.46,104.07999999999993,65.77000000000001,1,1,1.0
151,10,827.42,439.32,115.29000000000008,81.19,1,1,1.0
151,3,210.0,249.48,91.77999999999997,42.77000000000001,1,1,1.0
152,8,0.67,297.42,101.13,56.69,1,1,1.0
152,9,645.92,231.21,112.28000000000009,65.76000000000002,1,1,1.0
152,10,833.4,434.09,115.27999999999997,81.19,1,1,1.0
152,3,210.0,249.48,91.77999999999997,42.77000000000001,1,1,1.0
153,8,0.67,297.42,84.33,56.69,1,1,1.0
153,9,638.46,230.83,112.26999999999998,65.77000000000001,1,1,1.0
153,10,842.75,429.61,110.78999999999996,81.19,1,1,1.0
153,3,210.0,249.48,91.77999999999997,42.77000000000001,1,1,1.0
154,8,0.67,297.42,67.53,56.69,1,1,1.0
154,9,630.99,230.46,112.27999999999997,65.77000000000001,1,1,1.0
154,10,852.1,425.13,106.28999999999996,81.19,1,1,1.0
154,3,210.0,249.48,91.77999999999997,42.77000000000001,1,1,1.0
155,8,0.67,297.42,49.23,56.69,1,1,1.0
155,9,620.16,230.09,114.51999999999998,66.86999999999998,1,1,1.0
155,10,859.2,421.41,99.18999999999994,79.69999999999999,1,1,1.0
155,3,210.0,249.48,91.77999999999997,42.77000000000001,1,1,1.0
156,8,0.67,297.42,30.93,56.69,1,1,1.0
156,9,609.33,229.71,116.76999999999998,67.98999999999998,1,1,1.0
156,10,866.3,417.7,92.09000000000003,78.19999999999999,1,1,1.0
156,3,210.0,249.48,91.77999999999997,42.77000000000001,1,1,1.0
157,9,602.61,231.95,116.76999999999998,67.99000000000001,1,1,1.0
157,10,876.8,417.7,81.59000000000003,67.0,1,1,1.0
157,3,210.0,249.48,91.77999999999997,42.77000000000001,1,1,1.0
158,9,592.58,232.27,116.76999999999998,67.98999999999998,1,1,1.0
158,10,882.88,413.65,75.74000000000001,67.0,1,1,1.0
158,3,210.0,249.48,91.77999999999997,42.77000000000001,1,1,1.0
159,9,582.56,232.59,116.7600000000001,67.98999999999998,1,1,1.0
159,10,888.96,409.59,69.88999999999999,67.0,1,1,1.0
159,3,210.0,249.48,91.77999999999997,42.77000000000001,1,1,1.0
160,9,572.53,232.91,116.76999999999998,67.98999999999998,1,1,1.0
160,10,895.04,405.54,64.04000000000008,67.0,1,1,1.0
160,3,210.0,249.48,91.77999999999997,42.77000000000001,1,1,1.0
161,9,562.5,233.23,116.76999999999998,67.99000000000004,1,1,1.0
161,10,901.12,401.48,58.18999999999994,67.0,1,1,1.0
161,3,210.0,249.48,91.77999999999997,42.77000000000001,1,1,1.0
162,9,552.47,233.55,116.76999999999998,67.99000000000001,1,1,1.0
162,10,907.2,397.43,52.33999999999992,67.0,1,1,1.0
162,3,210.0,249.48,91.77999999999997,42.77000000000001,1,1,1.0
163,9,542.45,233.87,116.75999999999999,67.99000000000001,1,1,1.0
163,10,913.28,393.38,46.49000000000001,67.0,1,1,1.0
163,3,210.0,249.48,91.77999999999997,42.77000000000001,1,1,1.0
164,9,532.42,234.19,116.7700000000001,67.99000000000001,1,1,1.0
164,10,919.37,389.32,40.629999999999995,67.0,1,1,1.0
164,3,210.0,249.48,91.77999999999997,42.77000000000001,1,1,1.0
165,9,519.48,234.93,120.74000000000001,69.49000000000001,1,1,1.0
165,10,923.84,387.81,36.15999999999997,65.04000000000002,1,1,1.0
165,3,210.0,249.48,91.77999999999997,42.77000000000001,1,1,1.0
166,9,506.53,235.66,124.73000000000002,71.00000000000003,1,1,1.0
166,10,928.32,386.31,31.67999999999995,63.06,1,1,1.0
166,3,210.0,249.48,91.77999999999997,42.77000000000001,1,1,1.0
167,9,493.59,236.4,128.70999999999998,72.49999999999997,1,1,1.0
167,10,932.8,384.8,27.200000000000045,61.099999999999966,1,1,1.0
167,3,210.0,249.48,91.77999999999997,42.77000000000001,1,1,1.0
168,9,483.51,235.65,128.71000000000004,72.51000000000002,1,1,1.0
168,10,932.8,384.8,27.200000000000045,61.099999999999966,1,1,1.0
168,3,210.0,249.48,91.77999999999997,42.77000000000001,1,1,1.0
169,9,473.43,234.91,128.70999999999998,72.50000000000003,1,1,1.0
169,3,210.0,249.48,91.77999999999997,42.77000000000001,1,1,1.0
170,9,461.59,235.87,129.33999999999997,72.5,1,1,1.0
170,3,210.0,249.48,91.77999999999997,42.77000000000001,1,1,1.0
171,9,449.74,236.83,129.99,72.49999999999997,1,1,1.0
171,3,210.0,249.48,91.77999999999997,42.77000000000001,1,1,1.0
172,9,437.9,237.79,130.62,72.50000000000003,1,1,1.0
172,3,210.0,249.48,91.77999999999997,42.77000000000001,1,1,1.0
173,9,426.06,238.75,131.26000000000005,72.5,1,1,1.0
173,3,210.0,249.48,91.77999999999997,42.77000000000001,1,1,1.0
174,9,414.22,239.71,131.89999999999998,72.49999999999997,1,1,1.0
174,3,210.0,249.48,91.77999999999997,42.77000000000001,1,1,1.0
175,9,402.38,240.67,132.52999999999997,72.50000000000003,1,1,1.0
175,3,210.0,249.48,91.77999999999997,42.77000000000001,1,1,1.0
176,9,390.54,241.63,133.17000000000002,72.5,1,1,1.0
176,3,210.0,249.48,91.77999999999997,42.77000000000001,1,1,1.0
177,9,379.17,241.63,133.99999999999994,73.07999999999998,1,1,1.0
177,3,210.0,249.48,91.77999999999997,42.77000000000001,1,1,1.0
178,9,367.8,241.62,134.83999999999997,73.67000000000002,1,1,1.0
178,3,210.0,249.48,91.77999999999997,42.77000000000001,1,1,1.0
179,9,356.44,241.62,135.66000000000003,74.25,1,1,1.0
179,3,210.0,249.48,91.77999999999997,42.77000000000001,1,1,1.0
180,9,345.07,241.62,136.5,74.82999999999998,1,1,1.0
180,3,210.0,249.48,91.77999999999997,42.77000000000001,1,1,1.0
181,9,333.7,241.61,137.34000000000003,75.41999999999996,1,1,1.0
181,3,210.0,249.48,91.77999999999997,42.77000000000001,1,1,1.0
182,9,322.33,241.61,138.17000000000002,76.0,1,1,1.0
182,3,210.0,249.48,91.77999999999997,42.77000000000001,1,1,1.0
183,9,310.97,241.61,139.0,76.58999999999997,1,1,1.0
183,3,210.0,249.48,91.77999999999997,42.77000000000001,1,1,1.0
184,9,299.6,241.6,139.82999999999998,77.17999999999998,1,1,1.0
184,3,210.0,249.48,91.77999999999997,42.77000000000001,1,1,1.0
185,9,288.23,241.6,140.66999999999996,77.76000000000002,1,1,1.0
185,3,210.0,249.48,91.77999999999997,42.77000000000001,1,1,1.0
186,9,276.73,242.34,141.10999999999996,78.51000000000002,1,1,1.0
186,3,210.0,249.48,91.77999999999997,42.77000000000001,1,1,1.0
187,9,265.23,243.08,141.54999999999995,79.25999999999996,1,1,1.0
187,3,210.0,249.48,91.77999999999997,42.77000000000001,1,1,1.0
188,9,253.73,243.82,141.99000000000004,80.01999999999998,1,1,1.0
188,3,210.0,249.48,91.77999999999997,42.77000000000001,1,1,1.0
189,9,242.23,244.56,142.43000000000004,80.76999999999998,1,1,1.0
189,3,210.0,249.48,91.77999999999997,42.77000000000001,1,1,1.0
190,9,230.73,245.3,142.87000000000003,81.51999999999998,1,1,1.0
190,3,210.0,249.48,91.77999999999997,42.77000000000001,1,1,1.0
